   2.0000000e+00  -5.2856502e-01  -1.4355968e-01   1.7838487e-01  -1.0088946e-01   1.2760179e-01   8.5255688e-01
   2.0000000e+00  -1.0482109e-01  -3.4293572e-01   7.2497034e-01  -5.6484249e-01   1.6722286e+00   1.4736440e-01
   2.0000000e+00   3.6833421e-01   4.8197484e-01   6.4891134e-01  -7.8807463e-01   5.4893828e-01   7.4735135e-01
   2.0000000e+00   1.5721720e+00   3.5838346e-01  -5.6772460e-01  -8.3404164e-01  -1.3811005e+00   3.8524435e-01
   1.0000000e+00   2.7926592e-01   1.6321522e+00   2.0009909e-01   1.7679699e-03  -1.7675018e+00   1.5753957e+00
   2.0000000e+00  -1.0212082e+00  -1.6885961e+00  -1.6539266e+00  -7.6153613e-01   4.8364308e-01  -2.2602051e+00
   2.0000000e+00   1.2667678e+00  -2.5229412e-01   3.5774585e-01   4.0201807e-01   2.5213934e-01  -4.0663126e-01
   2.0000000e+00   1.8420317e+00  -4.2449024e-02   6.2902056e-01   2.3341663e-01   1.5503792e+00  -5.0648648e-01
   2.0000000e+00   1.9210241e+00  -1.7023640e-01   1.6756429e+00  -1.2870920e+00  -3.8328502e-01   1.3793259e+00
   1.0000000e+00   3.8431668e-02   4.1477481e-01   2.4046434e+00   6.7592237e-01   1.2632419e+00   7.7497994e-01
   1.0000000e+00   3.4922784e-01  -8.1417940e-01   1.1269561e+00   3.3852398e-01  -6.0438259e-01  -1.6031494e-02
   2.0000000e+00   8.5632257e-01  -8.3201137e-01  -1.6848433e-01   1.1221457e+00   2.6744451e-01   1.9219019e+00
   2.0000000e+00  -7.6736711e-02  -2.8327890e-01   4.9421766e-01   1.3772411e+00  -8.4287313e-01   3.1874021e-01
   2.0000000e+00  -2.0550564e+00  -1.6802964e-01   9.1678740e-01   9.3903695e-01   1.7371370e+00   4.7990645e-01
   2.0000000e+00  -4.3727985e-01  -8.7306614e-01  -9.6179755e-01  -7.7495397e-01   5.2154872e-01   1.7520612e+00
   2.0000000e+00  -1.8794997e-01  -6.8969210e-01   7.9111157e-01   1.5891988e+00   2.4262859e-01  -8.5791656e-01
   1.0000000e+00   7.1252209e-01   4.3172584e-01   9.0938482e-01   6.2871016e-01  -1.5699759e+00   1.9571350e-01
   2.0000000e+00   5.6517090e-01  -4.0376310e-01   7.6293915e-01   1.3469997e+00  -1.3933097e+00   1.5774397e+00
   2.0000000e+00  -6.8150815e-01  -1.5666806e-01  -1.4688098e-02  -8.6241587e-01  -4.5528145e-01   1.0148431e+00
   2.0000000e+00   1.2239332e+00   1.1492811e+00   6.5004160e-01  -1.0218260e+00  -1.7537199e-01  -7.9563518e-01
   2.0000000e+00  -9.6461531e-02  -3.9872636e-02   2.7206181e-01  -1.0185068e+00   5.7648383e-01  -4.5735090e-01
   2.0000000e+00   1.9874756e+00   1.0190036e+00   5.1393972e-01   6.0641147e-01   6.0083492e-01   2.5026254e+00
   2.0000000e+00  -9.0884079e-01   5.3207517e-02  -5.9554903e-01  -1.1854713e+00  -1.1016905e+00  -1.0939121e+00
   2.0000000e+00  -2.1619993e-02   1.2979075e+00   3.5058644e-01  -3.2466555e-01   4.6722756e-01   9.3256985e-02
   2.0000000e+00  -1.2701918e+00   1.0717790e+00  -1.4671045e+00   1.4166366e-01  -8.7230996e-02   1.3262710e+00
   2.0000000e+00  -7.3347967e-01  -1.7711271e+00  -1.6921804e+00  -5.1678937e-01   1.4209349e+00   8.5904432e-02
   2.0000000e+00   1.8273308e+00  -8.8957031e-01   1.2398857e+00   1.0060159e+00   6.0855830e-01   6.5101439e-01
   1.0000000e+00  -2.5289333e-02  -4.9685562e-01   5.0095811e-01   8.4799972e-01   3.1352278e-01   2.9759473e-01
   1.0000000e+00   5.4511861e-01  -6.1404373e-01  -1.1077075e+00   4.2701349e-01   2.1238559e+00  -1.8411149e+00
   2.0000000e+00   7.5058097e-01   1.9108130e+00  -2.0266339e-01   8.3803778e-01  -1.1233914e+00   1.4199097e+00
   2.0000000e+00   2.3532310e-01   7.0503123e-01  -1.6454827e+00   1.2977830e+00  -8.6123876e-01  -5.1823448e-01
   2.0000000e+00  -4.7723455e-02   3.1082496e-01  -3.2274780e-01  -3.7773669e-01  -9.2395357e-01   4.2868675e-01
   2.0000000e+00   1.2004195e+00   9.2591331e-02   5.9148458e-01   5.5788651e-02  -1.0525524e+00  -7.1553057e-01
   2.0000000e+00  -6.1890934e-01  -7.3002467e-01   5.0012295e-01  -1.2827427e-01   2.3807441e-01  -6.8585247e-02
   2.0000000e+00  -4.2354631e-01   2.0564296e-01   1.7306091e+00  -8.1886411e-01  -2.2380614e+00   2.1641485e+00
   2.0000000e+00  -1.7483124e+00   1.2176324e-02   4.4125561e-01  -2.6737867e+00   3.6185808e-01  -1.0129296e+00
   2.0000000e+00  -4.5963800e-01   5.3733824e-01   3.1103560e-01   1.4922153e+00   6.7716275e-01   5.6935095e-01
   1.0000000e+00   1.1169166e-01  -1.1103106e+00  -9.0852921e-01   8.5799590e-01  -3.6167657e-01   1.6844582e+00
   2.0000000e+00  -1.4188236e-01   4.6725088e-01  -1.7470308e-01  -6.3185041e-01  -1.8050567e+00  -2.3091580e-01
   2.0000000e+00  -9.7539581e-01   3.0887424e-01  -2.9954391e-01  -4.5204675e-01   2.3159659e+00  -9.7756895e-01
   2.0000000e+00   7.6902567e-01  -1.5827003e+00   1.7755222e+00   1.2902461e+00   2.6555327e-01  -5.1381275e-01
   2.0000000e+00   1.2465655e+00   5.5781338e-01  -1.6698471e+00  -9.1112940e-01   1.6166649e-01   7.7462558e-01
   2.0000000e+00  -7.8766815e-01   5.8698243e-01   6.6964258e-01  -5.8497369e-01   4.3410803e-01   9.0137471e-01
   2.0000000e+00  -6.9740621e-01  -1.6684910e+00   6.8750395e-02   1.4012691e+00   5.8190407e-02   1.7129657e+00
   2.0000000e+00   1.0878774e-01   3.7213031e-02   1.6119173e+00  -1.3892403e+00   3.3373089e-01  -4.3137606e-01
   2.0000000e+00   1.8393711e-01  -1.9939070e+00   1.3768500e+00  -2.9438996e-01   9.7496641e-01   1.2537170e+00
   2.0000000e+00   6.0736467e-01  -7.0343202e-01   1.7200180e+00  -1.4078573e+00  -1.4848218e+00  -8.0918668e-01
   1.0000000e+00  -5.4402170e-01   1.2179911e+00  -1.5110732e-01   4.5198873e-01  -7.0868828e-01  -2.7187684e-01
   2.0000000e+00  -3.0796318e-01   1.1508266e+00  -1.2937506e+00   1.2297003e+00   1.2495052e+00  -1.5665582e+00
   2.0000000e+00  -1.5758409e-01  -3.4407918e-01  -1.5332147e+00  -1.4064135e+00   1.5522157e-01  -1.9329831e-01
   1.0000000e+00  -5.4470620e-01   6.5757080e-01   4.5149508e-02   3.1413029e-01  -4.0468918e-01  -3.8160820e-01
   2.0000000e+00  -4.2592067e-01  -5.2241669e-01   8.9001181e-01  -4.6160673e-01   4.1036676e-01   7.7701721e-02
   2.0000000e+00  -2.0133433e+00   1.9006596e+00  -7.4925651e-01  -4.9861612e-01  -1.0653292e+00   1.8826585e-01
   1.0000000e+00  -7.4777321e-01  -3.4869302e-01  -2.0268691e+00   6.2552175e-01   1.5274346e+00  -7.3393948e-01
   2.0000000e+00   7.6337549e-01  -2.9940286e-01   2.0000619e-01  -1.8618977e+00  -4.7305092e-01   6.9979166e-01
   2.0000000e+00  -2.3047917e-01   3.4378629e-01  -1.6923100e-01  -7.6925531e-01   1.7586078e-02   1.1885974e+00
   2.0000000e+00   5.2974171e-01  -5.7315192e-01  -1.0092768e+00   1.2009057e+00   8.6069295e-01   1.0211895e+00
   2.0000000e+00  -1.6187547e-03  -1.3003749e-02  -1.3472595e+00  -8.6002120e-01  -5.2333180e-01  -9.6158577e-01
   1.0000000e+00   5.7069546e-01   6.7353076e-01   5.6148223e-01   1.5617255e-01  -1.1774473e+00   6.9722542e-01
   2.0000000e+00  -3.2925658e-01   5.7171739e-01   2.0800712e+00  -1.2706591e+00   1.8264619e+00   8.2946647e-01
   2.0000000e+00   1.9790589e-01   1.6400173e+00   6.3864662e-01   1.8575315e+00   9.2517021e-01  -7.4168274e-01
   2.0000000e+00  -8.7163312e-01  -6.9781864e-01   3.8089651e-01   8.1287036e-01   1.7076780e+00  -9.3933088e-01
   2.0000000e+00  -4.0960353e-01  -7.0715404e-01  -1.5545286e+00  -1.0626575e+00  -1.3309807e+00  -1.0304760e+00
   1.0000000e+00   1.0462486e-01  -6.4318847e-01   3.5706507e-01   5.0562812e-01   1.2527104e+00   1.7188240e+00
   2.0000000e+00  -1.5278145e+00   1.1091691e-01  -1.2239269e+00  -5.5175392e-01   1.3897761e+00  -9.0340465e-01
   1.0000000e+00  -3.9327191e-01  -9.9217637e-01  -2.7938453e-01   1.1915112e-01   6.1739859e-01  -4.9382498e-01
   2.0000000e+00  -1.5102393e+00   1.6756502e+00   1.3290271e+00  -1.3561734e+00   7.2267832e-01   1.1284642e+00
   2.0000000e+00  -7.1449927e-01  -8.5047748e-01  -1.0343656e+00  -2.7895970e-01  -9.5056118e-01   1.7532460e-01
   1.0000000e+00   2.1778754e-01   1.0209115e+00  -5.5508126e-01   6.3928272e-01  -1.0795384e+00   7.4341002e-01
   2.0000000e+00  -3.6291084e+00  -7.5209886e-01  -2.6881799e+00  -1.7188896e+00   1.3402370e+00  -1.3028473e+00
   2.0000000e+00  -4.5490756e-01   4.9411918e-01  -2.5680457e+00  -7.2104925e-01   3.6790587e-01   2.2082342e+00
   2.0000000e+00   1.9417437e+00  -9.2958024e-02   5.9889013e-01  -4.5244311e-01  -1.1426495e-01  -1.1261430e+00
   2.0000000e+00  -1.6848055e+00  -1.0303760e+00   2.4707371e-01   8.6048378e-03  -3.1079191e-01  -3.4543488e-01
   2.0000000e+00   2.1156874e+00   1.0450958e+00   5.3463798e-01   1.4861824e-01  -1.2741471e-01  -6.6784339e-01
   2.0000000e+00  -4.0146889e-01   5.5515278e-01  -2.8491220e-01  -1.0388483e+00   1.4965468e+00   6.8434453e-02
   2.0000000e+00  -4.5702490e-01  -6.3099106e-01  -6.1434648e-01   9.1033127e-01  -5.1703195e-01   6.4107640e-01
   1.0000000e+00   6.8761883e-01   1.1082175e+00   1.0149743e+00   5.8836123e-01   2.0312521e-01  -1.0935495e+00
   1.0000000e+00  -5.9365333e-02  -1.1223535e-01   1.1348391e+00   4.0975104e-01   3.2268648e-01  -2.6532667e-01
   2.0000000e+00  -8.5478441e-01   7.8674180e-01   1.6158087e-01   2.1193655e+00   4.7409550e-01  -2.3145227e-01
   2.0000000e+00   2.5478108e-01  -1.6419827e+00   1.6740678e+00  -2.1661533e+00  -3.5861501e-01  -1.3424507e+00
   2.0000000e+00   1.1998285e+00   1.7314484e+00  -1.7235862e-01  -1.0987238e+00  -1.8214234e-01   1.3938596e-01
   2.0000000e+00   1.4604208e+00   3.5205387e-01  -5.5002905e-01   6.9885792e-02  -1.6757489e+00   7.4451182e-01
   2.0000000e+00   3.3682784e-01   1.2347525e+00  -1.2331332e+00   1.0532754e+00  -2.0821244e+00   6.7699117e-01
   2.0000000e+00  -3.2926608e-01   8.4600692e-01  -8.8174356e-01  -1.4948031e+00  -1.2598964e+00  -4.6143266e-01
   1.0000000e+00  -3.5503258e-01   8.5109711e-02  -3.8002044e-01   9.1773643e-01   2.8260188e-01  -1.1305200e+00
   2.0000000e+00   6.8107230e-01  -9.6406538e-01  -5.0080137e-01   1.0039743e+00  -4.7493759e-03  -1.2292755e+00
   2.0000000e+00  -1.5878267e-02  -2.1248057e+00  -1.3474327e+00  -8.2555605e-01  -1.2523568e+00   2.4139811e-02
   2.0000000e+00   7.4773674e-02   1.5329327e+00  -1.6098896e-01   1.2048750e+00   2.0296566e+00  -1.9855927e+00
   2.0000000e+00   1.4105188e+00  -1.1037095e-01  -2.8941401e-01   2.3389900e-01  -2.6668236e-01   4.9145864e-01
   2.0000000e+00   5.4357883e-01  -1.6435138e-01  -4.0106881e-01  -2.0043555e-01   2.7738462e-01  -1.0702056e+00
   2.0000000e+00   7.7742404e-01   3.1593849e-01  -3.5230351e-02   1.2208573e+00  -1.2797657e+00  -2.5979364e-01
   2.0000000e+00  -2.0006253e-01  -2.7604660e-01  -3.3323047e-01  -3.6693632e-01   1.1177623e-01  -7.1276674e-01
   2.0000000e+00  -1.4742727e+00   3.2162613e-02  -3.3065714e-01   6.9194149e-02   1.2184981e+00  -1.7789502e+00
   2.0000000e+00   1.5945821e+00  -3.2782890e-01   1.5267855e+00  -2.0351446e+00  -5.3844542e-01  -7.0916628e-01
   2.0000000e+00   1.1246777e+00   1.4651094e+00  -7.4711534e-01  -7.5154695e-01  -9.7052103e-01   1.0770989e+00
   2.0000000e+00  -1.0506909e+00  -2.6460944e-02  -2.1863091e-01  -4.2303966e-01  -2.6773528e+00   3.4432279e-01
   2.0000000e+00   7.8855456e-01  -4.0735770e-01   1.3315282e+00  -8.9372905e-01  -4.3767753e-01   1.6483976e+00
   2.0000000e+00  -1.4350077e+00  -4.9700418e-02   2.0727807e+00   8.6996964e-01   1.7895714e+00  -1.9349020e-01
   2.0000000e+00   2.9080823e-01  -8.5952349e-01   1.6477009e+00  -1.7931981e+00  -6.7481350e-01   6.4426145e-01
   2.0000000e+00  -9.0210901e-02   1.8817868e-01   1.1105267e+00  -2.9782126e-01  -8.5029414e-01   8.6768558e-03
   2.0000000e+00   5.2958473e-01  -4.9555029e-01   2.5410762e-02  -3.5767862e-01   5.9402014e-01  -5.6268880e-01
   2.0000000e+00   8.9351099e-01  -5.2342678e-01   2.5691239e-01  -1.9760706e+00   2.0015496e+00   5.9751772e-01
   2.0000000e+00   2.6872099e-01   1.6758511e+00   2.8037821e-02  -1.5176687e+00   2.3431384e-01   2.5688076e-01
   1.0000000e+00  -7.3718061e-01   1.7715055e+00  -7.6453078e-01   6.2746908e-01  -2.9123463e-01  -1.2264320e+00
   2.0000000e+00  -1.4382324e+00  -2.4129333e-01   1.0733000e+00   1.7981791e+00   5.3666675e-02   1.3488189e+00
   2.0000000e+00   6.9144643e-01  -2.1566711e+00   2.0036058e+00   4.5978609e-01  -3.0934035e+00  -1.1040889e+00
   2.0000000e+00  -6.1087594e-01  -1.3380278e+00   1.3793285e+00   9.5448468e-01   5.9212288e-01  -5.6700079e-01
   2.0000000e+00   5.7301498e-01   1.5223131e+00   3.9995478e-03  -2.9897194e-01  -1.6509771e-01  -1.1291193e+00
   2.0000000e+00   1.1347980e+00  -1.3901481e+00   1.3131200e+00   1.3969338e+00  -9.0298701e-01  -1.7307114e+00
   1.0000000e+00  -7.5735205e-01   5.4317131e-01  -6.6831705e-01   5.2685300e-01  -1.7772274e-01  -1.3565172e-01
   2.0000000e+00  -1.6967127e+00  -5.8081114e-01  -8.3245422e-02   9.9286085e-01  -4.8924251e-01  -9.2301085e-01
   2.0000000e+00   3.6473470e-01  -1.7721039e+00   4.6765105e-01   2.0098346e+00  -1.5593922e+00  -1.1763908e-01
   2.0000000e+00  -1.1755148e+00  -8.7971111e-02  -1.5068061e+00  -4.4477957e-02   5.5096519e-01   3.6288327e-01
   2.0000000e+00   5.1524286e-01  -2.0002073e-01  -1.9464184e+00  -5.4799090e-01  -5.0280139e-01   8.8435329e-01
   2.0000000e+00  -1.0041782e+00   4.1606346e-01  -6.4818232e-01  -9.1646619e-02  -2.1225270e+00  -1.9455192e+00
   2.0000000e+00   6.9236739e-01   2.2359425e-01  -2.3185022e-01  -3.3894491e-01   7.3645568e-01   2.0309682e-01
   2.0000000e+00  -5.2046516e-01  -1.6823654e-01  -5.7411211e-01  -1.5831213e+00  -1.8975049e-01   4.3710873e-01
   2.0000000e+00   6.7725280e-01  -3.0224176e-02  -2.1498787e-01  -4.4713562e-01  -5.4508093e-01   3.8253231e-01
   2.0000000e+00   1.1821432e+00   1.3054124e+00  -5.8904954e-01   1.7966178e+00  -9.5467897e-01   2.6397162e+00
   2.0000000e+00   4.7880359e-01   4.4584678e-01  -5.0965293e-01  -1.0415560e+00   1.2978153e+00  -4.6317276e-01
   2.0000000e+00   5.2948107e-01   5.1514049e-01   3.0990993e-01  -2.4995260e-02  -1.0899075e+00   7.5418809e-01
   2.0000000e+00   2.6332000e+00   3.3763578e-01  -2.1657034e-01   3.2878096e-01  -1.4660852e-01  -1.1049219e-01
   1.0000000e+00   5.5148083e-01  -1.0366516e+00  -4.0777341e-01   2.6195173e-02   2.8908517e-01  -5.4119775e-01
   2.0000000e+00  -4.3839607e-01   3.1709997e-01   8.0270215e-01   1.2587067e+00  -1.2298447e+00   3.0827401e-01
   2.0000000e+00  -1.7504539e-01   2.0183069e-02   9.3256581e-01  -3.2946738e-01  -2.1764713e-01  -1.1275003e+00
   2.0000000e+00   1.5932173e+00   1.1790738e+00   2.1144022e+00  -1.2261671e+00   4.3536375e-01   8.0805494e-01
   2.0000000e+00   2.1248757e-01  -5.9141557e-01   6.2211392e-01  -1.0240212e+00  -1.7513256e-01   6.9886950e-01
   2.0000000e+00   1.7063098e+00   7.2239129e-01   5.9818222e-01  -3.9537103e-01  -4.8051593e-01   5.2825738e-01
   2.0000000e+00   1.1094575e+00   3.8717706e-01   3.3718824e-01  -2.7530302e-01   4.9507383e-01   1.6496998e+00
   2.0000000e+00  -7.9796782e-01  -7.1484464e-01   8.4756997e-01  -3.1252283e-01  -1.4052277e+00  -1.4616638e-01
   2.0000000e+00  -1.1065387e+00   3.8500607e-01   1.7306488e+00   2.6345786e-01  -1.1317932e+00  -6.0403752e-01
   1.0000000e+00  -8.5250731e-01   3.6811305e-01   9.6535119e-01   1.5743133e-01  -1.2650287e+00  -1.2170963e+00
   2.0000000e+00  -8.8388926e-01   8.4336464e-01  -4.5506419e-01  -7.6149468e-02  -9.9551333e-01  -1.8884627e+00
   2.0000000e+00  -1.0331256e+00   6.1847189e-01   5.4432575e-01  -9.8376909e-01  -6.5481081e-01   8.1144252e-01
   2.0000000e+00   5.0279362e-01   3.6835528e-01  -1.5483822e+00  -3.7733692e-01   2.8626854e-02  -3.6920168e-02
   2.0000000e+00   1.3740807e+00  -1.4948870e+00  -1.0828031e-01  -8.7404155e-01  -7.5216344e-01   1.7056866e+00
   2.0000000e+00  -9.3771450e-01   2.6717605e-02  -4.6985358e-01   2.6842790e+00   2.0014327e+00   1.2080419e-01
   2.0000000e+00  -1.1672497e+00   6.7334169e-01  -7.7055280e-01  -2.1903830e-02  -1.4449284e+00   2.5201633e-01
   2.0000000e+00   1.4565453e+00   1.2967033e+00  -6.9283444e-01   1.0956374e-01   1.9770672e+00  -1.1618328e+00
   2.0000000e+00  -7.6438828e-01  -1.2240073e+00   1.1215408e+00   1.0009462e+00  -7.5925078e-01   8.7106394e-01
   2.0000000e+00  -3.0579018e-01   1.4797266e-01   1.6372326e+00  -1.4870207e+00   5.1714901e-01   9.4541938e-02
   2.0000000e+00  -1.1855520e+00  -2.7060475e-01  -4.7159062e-01  -1.7510863e+00  -3.3319634e-01   9.1165130e-01
   2.0000000e+00  -5.7536599e-01   1.4103071e+00   1.2529293e-02   1.8688775e+00   8.5070714e-01   9.1242852e-01
   1.0000000e+00   3.3710221e-01   4.8930265e-01  -2.2305524e-01   1.4182637e-01  -9.9972079e-01   8.3501725e-01
   2.0000000e+00   1.5148577e+00  -2.8081926e-01   5.6735933e-01   1.5483850e+00   6.6050895e-01  -6.2638934e-01
   1.0000000e+00  -1.5139422e-02  -9.5071415e-02   2.1707522e-01   9.7429271e-01  -1.0895741e+00   7.7636923e-02
   2.0000000e+00  -5.6154776e-01   1.9073607e+00   3.0690899e-01   7.6871691e-01   8.1279101e-01  -2.1938325e+00
   2.0000000e+00  -4.2446248e-02  -1.5845675e+00   6.2952312e-01  -2.6663471e+00   1.7492596e-01   4.5985151e-01
   1.0000000e+00  -1.0827734e-01  -1.6517694e-01  -1.2605751e+00   2.4269243e-01   1.4328073e-01  -4.4307055e-01
   1.0000000e+00  -3.4840694e-02  -9.9757070e-01   1.0478697e-01   7.5462340e-01   7.2796535e-01   1.6218932e+00
   2.0000000e+00  -6.3373438e-01   7.3742486e-01  -6.2123605e-01  -2.0689231e-01  -2.0739190e-01  -6.0834554e-01
   2.0000000e+00  -9.6760924e-01   1.3398291e+00  -7.5033733e-01  -4.9126652e-01  -8.9422017e-01  -9.2175096e-02
   2.0000000e+00   6.0101000e-01   1.4492164e+00   1.1841152e+00   1.2666070e+00  -1.3381755e-01   3.5791357e-01
   1.0000000e+00  -4.4798359e-01  -1.3485435e+00  -6.4625082e-01   5.9150028e-01  -1.0873747e+00   1.6763944e+00
   2.0000000e+00  -1.9611431e+00   7.0768085e-02  -2.3633518e-01  -2.3485765e-01  -5.6323942e-01   2.9405151e+00
   2.0000000e+00   6.9648468e-01  -1.0142209e+00  -4.1999070e-01  -6.2485623e-01  -2.4627603e-01  -1.9121857e+00
   2.0000000e+00  -1.3232098e+00  -8.8163031e-02   6.1728112e-01   6.0039325e-02   3.5683418e-01   9.7646983e-01
   2.0000000e+00   7.0232744e-01   6.2065833e-01  -4.5593737e-01  -1.0140235e+00  -1.5570709e+00  -6.8726830e-01
   2.0000000e+00   1.1280842e+00  -1.5619240e+00   1.8500806e-01  -6.4392897e-01  -2.2542362e-01   4.1729499e-01
   2.0000000e+00   1.3258106e+00  -1.4990033e+00  -1.1281181e+00   7.0536326e-01  -8.2344671e-01   2.0925748e+00
   2.0000000e+00  -1.5033915e+00  -7.1413045e-01   9.8098869e-01   1.6217639e+00   4.7559527e-01   7.7190014e-01
   1.0000000e+00  -2.8832817e-03   1.0412970e+00   9.4034987e-01   8.5081380e-01   1.8562180e+00  -5.7332388e-01
   2.0000000e+00  -1.0169740e+00  -7.8394163e-01   2.5110881e-01   8.4829151e-01   2.0911000e+00   4.7330025e-01
   2.0000000e+00   3.1613172e-01   2.7178192e-02  -3.3769982e-01  -2.2233418e+00   5.9071410e-01  -7.3454356e-01
   2.0000000e+00   1.0220978e-01  -6.4329615e-01   1.4504798e+00  -1.5542794e+00  -6.5135764e-01  -1.1872707e+00
   2.0000000e+00  -5.3035169e-01   7.4928133e-01   9.6678079e-01  -1.3711567e+00   1.2978368e-01   5.2916877e-01
   2.0000000e+00  -7.1875219e-01   4.6314165e-01   5.7031949e-01   1.4634578e+00  -6.3441457e-01   9.8980279e-01
   2.0000000e+00  -3.2222072e-01  -1.1902662e+00   6.8365171e-01   1.8679716e+00   5.4453902e-01   1.0045164e+00
   2.0000000e+00  -4.8009749e-01  -1.5605565e-01  -1.2283735e+00  -8.7874982e-01  -4.1285144e-01   6.9035978e-01
   2.0000000e+00  -1.0033880e+00   1.4649248e+00  -7.0282439e-02  -1.1036864e+00   8.4710723e-01  -4.6337041e-01
   2.0000000e+00   2.4916798e-01  -7.1716749e-01   1.8483504e+00  -1.7099625e+00  -1.6026405e-01   8.6531238e-02
   2.0000000e+00  -9.7753171e-01  -1.8017345e-01   1.0196427e+00  -2.1296882e-01  -1.5673024e-01   2.5383424e+00
   2.0000000e+00  -2.4801032e-01  -8.5224783e-01  -2.3222619e-03  -8.1480557e-01  -7.4110881e-01   4.0171027e-01
   2.0000000e+00  -1.9003833e+00  -9.8485527e-01  -4.2219220e-02   1.1167750e+00   3.6294787e-01   6.4478850e-01
   2.0000000e+00   4.3600245e-01   2.4780883e+00  -2.3004288e-01   1.1567976e+00   1.8801237e+00  -1.3377694e+00
   2.0000000e+00   5.6100205e-01   6.0953536e-01  -5.2224134e-01   2.5757709e+00   8.2290430e-01  -2.9857549e-01
   2.0000000e+00  -6.8209861e-01  -1.2750375e+00  -5.1316476e-01  -4.2324913e-01  -5.1703284e-01  -2.3066484e-01
   1.0000000e+00   7.1138088e-01   1.8958586e-01   4.2855846e-01   1.4342825e-01   2.4342745e+00  -6.8017679e-01
   2.0000000e+00  -2.2543644e+00  -1.0988719e+00  -5.6347335e-02  -3.1234794e-01   1.5166098e+00   6.0585474e-01
   2.0000000e+00   2.1291740e+00   9.4322368e-01  -1.4934538e-01  -6.6811501e-01   1.2733456e+00  -1.0242596e+00
   1.0000000e+00  -3.9213111e-01   7.8579862e-03   5.2784270e-01   3.4995175e-01   1.1123350e-02   1.2753256e+00
   1.0000000e+00   1.3981793e-01  -3.9922277e-01   6.1641941e-01   9.0341229e-02  -5.7334206e-01  -1.7932151e-01
   1.0000000e+00   7.8600174e-02  -2.2698713e-01  -3.5670611e-01   5.8700400e-01   6.8583476e-01  -1.0024018e+00
   2.0000000e+00   3.4068989e-01   8.7913417e-02  -1.2112741e+00   2.2239495e+00  -2.3710426e-01  -1.0969675e+00
   2.0000000e+00   5.8993162e-01   1.3034813e+00  -1.3962086e-01   9.7624469e-01   7.0035441e-01   3.2310220e-01
   2.0000000e+00  -2.4690326e+00   6.0998461e-03   1.0679241e+00  -4.3066490e-02   9.5128340e-01  -1.1687530e+00
   1.0000000e+00  -2.2490464e-01   6.6828328e-01  -3.5870415e-01   7.7261996e-02   2.5962176e-01   5.9418227e-01
   2.0000000e+00  -7.3143628e-01   1.0865409e+00   1.7892980e+00  -1.5071614e+00   6.2736148e-01   5.3860053e-01
   1.0000000e+00   4.7928772e-01  -3.0790521e-01  -1.9939053e-01   8.9384436e-02   1.2505552e+00  -3.5783485e-01
   2.0000000e+00  -2.3120867e-01  -1.1334727e+00   5.8549608e-01  -1.4979420e+00   2.7237984e-01   8.0272552e-01
   2.0000000e+00   3.2988875e-01   7.6194803e-01   7.8342055e-01  -8.8039382e-01  -1.6475898e-01  -4.1947176e-01
   2.0000000e+00  -9.7321428e-02  -1.4680359e+00   9.5577909e-01  -5.2896764e-01  -2.5670703e+00   1.4186242e-01
   1.0000000e+00  -6.5797439e-02   1.7783351e-01   4.4558932e-01   6.5919282e-01  -1.1721960e+00  -6.4476513e-01
   1.0000000e+00   3.6906130e-01  -9.0244861e-01   2.3005741e+00   2.0885832e-01  -1.0821132e+00   5.0096871e-01
   2.0000000e+00  -1.0126247e+00   7.3773500e-01  -1.7584730e-01  -3.6616976e-01   1.0914135e-01   1.5378954e+00
   2.0000000e+00   9.5974214e-02   6.7163921e-01  -5.0515870e-01  -2.9465348e-01  -1.1380896e+00  -4.1807722e-01
   2.0000000e+00   1.2801103e+00   8.9654523e-01   3.7257252e-01   1.0119089e-01   1.0370827e+00   1.1674237e+00
   2.0000000e+00  -4.5019632e-01  -3.0832605e-01  -4.7827543e-01   1.5816095e+00  -9.7937960e-01   2.4778542e+00
   2.0000000e+00   7.0191751e-01  -2.1182160e-01   8.3801392e-02  -8.3986362e-02   2.2561004e-01  -2.4365098e-01
   2.0000000e+00   9.8233582e-01  -6.5477447e-01  -2.1061071e-01   6.8068100e-01  -1.5753981e+00  -4.2882238e-01
   2.0000000e+00   1.9073952e+00   6.3843626e-01   1.5714093e+00   5.2157507e-01   1.1481677e+00  -8.8494576e-01
   2.0000000e+00   8.9478100e-01  -2.8119260e-01  -2.8380476e-01  -9.0397335e-01   4.5595111e-01  -3.1507503e-01
   2.0000000e+00  -1.3599754e-01   2.1804606e-01  -1.6676426e-01  -7.8422753e-01   1.2784139e+00   1.6173383e-01
   2.0000000e+00  -2.2016359e+00  -6.0813621e-01  -4.6092121e-01  -5.8740060e-02   1.2425109e+00   1.5189238e-02
   2.0000000e+00   9.4228689e-01   2.6577084e-01   1.1492580e+00   1.0294599e+00  -1.6811262e+00  -3.6033629e-01
   2.0000000e+00   1.3751882e+00  -1.1717025e+00   2.5350123e-01  -2.7643060e-01   1.9099945e+00   7.4066746e-01
   1.0000000e+00   1.1447798e-01  -3.1618847e-01   5.9897253e-02   9.0967289e-02   3.6264516e-01  -1.8135320e+00
   2.0000000e+00  -6.9167582e-01  -3.0474138e-01  -1.7825705e-02  -1.0782971e+00  -3.0792101e-01  -8.3491982e-01
   2.0000000e+00   1.6107790e+00   1.0497330e+00   1.1906123e+00   7.6508685e-01   9.2332588e-01   1.6009108e+00
   2.0000000e+00  -3.0588853e-01  -1.1044114e+00  -2.5724533e-02  -1.9334423e+00   1.9269979e+00   9.0384945e-02
   2.0000000e+00  -1.1126403e+00  -8.2318176e-01  -8.1228506e-01   2.0557294e-01  -9.1817766e-02   1.2448943e+00
   2.0000000e+00   7.8650033e-03   2.0077531e-02  -1.2956582e+00  -3.5372096e-01   7.6954496e-01   8.4795740e-02
   1.0000000e+00  -4.2313858e-01  -9.6401670e-01   1.3545482e+00   7.3928963e-01   6.3890719e-01  -4.5673666e-01
   2.0000000e+00  -1.0637081e+00  -3.9478189e-01   6.0516668e-01   5.5817853e-01   3.7158380e-01  -8.9595553e-02
   1.0000000e+00   1.6252933e-01  -4.2044323e-01  -1.1172837e+00   3.9513577e-01   3.8137616e-01  -2.7678358e-01
   2.0000000e+00   2.6819170e+00   8.3224000e-01   4.9360086e-02  -1.3550890e+00  -3.6769701e-01  -4.1022446e-01
   2.0000000e+00  -6.6453289e-01  -5.1097159e-01  -1.5226372e+00   1.0925120e+00  -9.5000295e-01   9.5778763e-01
   1.0000000e+00   7.2177064e-01  -8.2690521e-01   7.5802506e-01   5.8597509e-01   7.2607881e-01   8.7810055e-01
   2.0000000e+00   1.4256027e+00  -9.8744868e-01   5.7023140e-01   4.7342039e-01   4.6225572e-01   8.6583956e-01
   2.0000000e+00   7.3472057e-01   6.8303372e-01  -1.2918648e+00  -9.3082937e-01  -5.2346252e-01   1.0078675e+00
   2.0000000e+00   1.4227971e+00  -1.1526119e+00  -1.2738096e+00  -6.4079237e-02   6.1846198e-01   2.3395827e-01
   2.0000000e+00  -1.2525947e+00  -3.2789610e-01   1.1515683e-01  -3.2848593e-01   1.0151324e+00   4.3313605e-01
   2.0000000e+00   3.2836788e-01  -8.8736517e-01   1.0607824e+00  -7.8394587e-01   5.4137127e-01   1.0293739e+00
   2.0000000e+00   2.4145998e-02  -1.3868796e-01   2.6027201e+00  -8.8502002e-01  -1.5003636e-03  -3.6282536e-01
   2.0000000e+00  -4.6813202e-01   1.9467556e+00  -7.3204446e-01  -7.2748760e-01  -1.2296794e-01   1.6756911e+00
   1.0000000e+00  -3.5271460e-01  -6.9118650e-01   3.5250214e-01   3.9215185e-01   2.2699816e-01   1.4553037e+00
   2.0000000e+00   1.2633687e-01  -1.1075180e+00   3.4806164e-01  -1.1174764e+00  -7.7576874e-01   8.3820091e-01
   2.0000000e+00   2.6712853e-01   1.4418230e+00   5.6820492e-01  -7.7941710e-01   2.3975964e-01   3.5863453e-01
   2.0000000e+00   1.9123982e-01   1.0893152e+00   1.1902032e+00   2.6773669e+00  -8.9171845e-01  -2.8894468e-01
   2.0000000e+00   8.4086306e-01  -3.6181240e-01   2.2555099e-01   9.0171958e-01   1.6338296e-01  -3.7274474e-01
   2.0000000e+00  -1.3115305e+00   1.0341428e+00  -1.3879831e-01   4.4558966e-01   1.9389511e-01   1.1004840e+00
   2.0000000e+00   5.1827035e-01  -1.0143904e+00   5.2099194e-01  -6.7337562e-01   1.8436075e+00  -1.9058716e+00
   2.0000000e+00  -1.1166700e+00   1.7132263e-01  -4.1582305e-01   1.5472622e+00  -4.7962802e-01   1.3556965e-01
   2.0000000e+00  -3.9942780e-01   8.5438435e-01  -9.5622918e-01  -2.8885708e+00  -2.4859429e-01   8.9012484e-01
   1.0000000e+00   6.7866272e-01  -2.6283624e-01   1.7846983e+00   3.7636527e-01   2.7399226e-01   1.0565488e+00
   1.0000000e+00   3.2194801e-01  -3.9160540e-01   2.7602279e-01   2.9083662e-01  -1.4774120e+00   5.9078614e-01
   2.0000000e+00   9.2521485e-01  -2.7021668e-01   3.4836793e-02   8.1247608e-01   1.4448992e-01  -2.1401942e-01
   2.0000000e+00  -6.7471659e-01   1.5055610e+00  -3.6769438e-01  -2.8451803e-01  -3.7348558e-01  -2.9913416e-01
   2.0000000e+00  -1.6049071e+00  -1.8852720e-01   5.1746582e-01  -1.2903862e+00   2.4776414e-01  -3.9964245e-01
   2.0000000e+00  -1.1490445e+00  -7.7182549e-01  -1.3762204e+00   4.3376458e-01  -6.2648768e-01  -2.3571998e-01
   1.0000000e+00   6.4418282e-01   2.4566937e-01   7.2306326e-01   4.0225401e-01  -7.7029807e-01  -7.5539502e-01
   2.0000000e+00  -9.5733281e-01   3.3225714e-01   1.3648116e+00  -1.4479278e+00   1.1710609e+00  -7.7125928e-01
   2.0000000e+00  -1.4319896e+00  -1.2381252e+00  -1.1064588e+00  -1.6952551e-01   5.8458650e-01   1.3461793e+00
   2.0000000e+00   1.2850866e-01  -6.7848326e-01   5.5221500e-01  -1.3763677e-01  -4.5985961e-01   3.1636442e-02
   2.0000000e+00  -2.4923512e-02   1.5720479e+00  -2.6923658e-01   1.4165585e+00   9.2853945e-02  -1.1687456e-01
   2.0000000e+00  -1.3109310e+00   1.2222934e+00  -7.8164594e-01   1.2949669e+00  -1.2757374e-01   1.8391535e+00
   2.0000000e+00  -1.3266862e+00   2.1106816e+00   1.0324968e-01  -2.9098350e+00  -1.8048857e+00   3.8863291e-01
   2.0000000e+00  -9.3926168e-01   1.1819273e+00   1.2170530e+00  -3.7760297e-01   4.9010018e-01   2.4687844e-01
   2.0000000e+00  -1.8630493e-01   8.8342549e-01  -2.1949205e-01  -2.0690901e+00  -6.1039875e-03  -1.5737378e+00
   2.0000000e+00  -1.6736426e+00   1.6649094e+00  -3.2751310e-01   3.7400938e-01  -4.7636032e-02   1.5281601e+00
   2.0000000e+00  -8.8758966e-02  -1.9594714e+00  -4.1851252e-01   7.5659368e-01   7.1339296e-01   1.0801042e+00
   2.0000000e+00   1.3993297e-01  -2.9288794e-01  -3.0576872e-02   2.0920363e+00  -2.1403567e+00  -5.4897853e-01
   2.0000000e+00   4.0465222e-01  -1.5744406e+00   3.4877464e-01  -8.3473890e-01  -1.7742876e+00   1.0461578e+00
   2.0000000e+00   1.8526285e+00  -1.1025500e+00  -5.5855861e-01   2.2622078e+00   2.7160958e-02   9.4823496e-01
   2.0000000e+00  -2.1446483e+00   8.7460913e-01  -2.3395077e-01  -3.0897221e-01   5.0002788e-01   4.6650903e-01
   1.0000000e+00  -5.5249903e-01  -1.4795239e-01  -4.9053857e-01   5.7591560e-02  -8.0487718e-01  -3.3833958e-01
   2.0000000e+00  -8.3167401e-01   2.8054410e-01   1.3981576e+00  -1.0627377e+00  -8.2466057e-01   2.2833637e+00
   1.0000000e+00   2.3043242e-01   1.3989747e+00   1.3033597e+00   5.5154729e-02  -6.6084245e-01   1.1005337e+00
   2.0000000e+00  -1.2931841e+00  -1.3578770e+00   6.9930925e-01  -1.5407441e-01  -2.3822571e+00  -1.6846839e+00
   2.0000000e+00   1.2315645e+00  -1.5471280e+00  -1.4883008e-01  -8.1929509e-01   8.9673486e-02  -3.7996560e-02
   2.0000000e+00   1.6354797e+00  -5.6663704e-01  -3.1517937e-01  -2.3540584e+00   1.8082593e+00  -1.6868777e-01
   2.0000000e+00  -1.1238174e+00   1.0797881e+00  -6.2683939e-01   9.1137132e-01  -7.5092067e-01  -2.7185798e+00
   2.0000000e+00   7.8342477e-01   1.5026298e+00  -1.4376593e-01  -1.5888574e+00   1.3184460e+00  -1.9729936e+00
   2.0000000e+00  -7.3289513e-02   7.1300027e-01  -9.4795530e-01  -4.5183044e-01  -1.1828417e+00  -1.6758079e+00
   2.0000000e+00  -1.6305728e+00  -3.6334252e-01   4.2955314e-04  -8.4204132e-02  -3.5754028e-01   2.4169696e-01
   2.0000000e+00  -3.1156126e-02   1.4290835e+00  -5.0464209e-01  -6.7929441e-02   8.1776908e-02  -7.9781419e-01
   1.0000000e+00   2.0415581e-01  -6.2183748e-01   4.1940803e-01   9.5895145e-01  -3.3041260e-01  -7.1406603e-02
   2.0000000e+00  -6.8270160e-01  -5.1912314e-01   1.0804304e+00  -4.5155006e-01  -2.8697429e+00  -1.6210222e+00
   2.0000000e+00  -1.4765704e+00   7.6924896e-01  -4.3838720e-02  -6.8243399e-01   9.3610717e-01  -6.0585563e-01
   2.0000000e+00   1.3309152e+00   1.9845373e+00   5.7056311e-02  -7.7925078e-01   5.9788781e-01  -9.3730945e-01
   2.0000000e+00  -2.1291374e-01  -2.3760092e-02  -8.7389479e-01  -1.6202327e+00   5.6925998e-01   2.3923335e-01
   2.0000000e+00  -5.4820665e-02  -2.9103782e-01   4.4588495e-01   1.3160427e+00   1.7516471e+00  -8.6046671e-01
   2.0000000e+00  -9.7949525e-01   2.0988824e-01   7.4990707e-01  -3.1107072e-01  -1.1639277e+00   2.4495718e-01
   2.0000000e+00  -2.3206211e-01   2.2246529e+00   1.9513493e+00   1.1243380e+00   8.4436006e-01   2.3331911e-01
   2.0000000e+00   1.5716421e+00  -7.5757164e-01   3.2633215e-01   1.2550795e+00  -7.4586838e-01   1.9903294e-01
   1.0000000e+00   1.7305170e-01   1.6696722e-02   9.2004966e-01   8.3456086e-01  -1.8504248e+00   1.0971412e+00
   2.0000000e+00   1.6483315e+00   1.4870264e-01  -1.4311722e+00  -1.5135095e-01   9.8591026e-01   1.1798113e-01
   2.0000000e+00  -2.2104959e+00   1.6630033e+00  -5.4077460e-01  -1.6119358e-01   4.8544417e-01  -6.6761674e-01
   1.0000000e+00  -5.0213162e-01   1.3479278e-01   3.8600670e-01   6.9465243e-01   1.3341833e-01  -2.2585041e-01
   2.0000000e+00   1.2048296e+00  -1.2429587e+00  -1.6210319e+00   1.9288955e-01   7.8598678e-01   4.3814485e-01
   2.0000000e+00   1.6381119e+00   1.7407369e-01   5.3112946e-01  -1.3329894e+00   2.5413579e+00  -1.8418350e+00
   2.0000000e+00  -4.9792657e-01   3.8580120e-01   1.0292136e+00   9.1228550e-01   9.9376400e-01   9.0990965e-01
   2.0000000e+00  -1.3731903e+00   3.6327997e-02  -1.4586797e+00  -2.7916741e-01  -2.3698531e-01   1.7295584e+00
   2.0000000e+00   6.0672571e-01   9.9392876e-01   1.8421785e-01  -1.7945985e+00  -1.8093143e-01  -1.4731623e+00
   2.0000000e+00   9.5470307e-01  -6.2310028e-01  -2.5479307e-01   1.2608853e+00   1.9244749e+00  -1.4211737e+00
   2.0000000e+00   9.3509082e-01   4.4774366e-01  -1.5984880e+00  -1.4203062e-01   1.3785939e+00   6.4783035e-01
   2.0000000e+00   1.3366180e+00  -7.2794881e-01  -8.2780927e-01  -6.7872122e-01   5.3438742e-01  -3.1649169e-01
   1.0000000e+00   4.3518792e-01   2.9677532e-01  -2.4842029e-01   7.3544199e-01   2.5916372e-01  -1.0063828e+00
   2.0000000e+00  -5.1465020e-01  -4.5524772e-01  -1.5860553e-01  -3.5890767e-01   3.1350768e-01   1.4620094e+00
   2.0000000e+00  -6.3785265e-01  -9.0481075e-01   1.2905927e+00  -4.8041114e-01  -3.4992737e-01   2.0518245e+00
   2.0000000e+00   2.4909617e-01   5.5635944e-01   7.8025411e-02   1.0878029e+00  -5.7677233e-01   1.7702546e-01
   1.0000000e+00  -1.9571038e-01  -1.8484454e+00   6.6946862e-01   2.8004074e-01   1.9239790e+00  -4.9549668e-01
   1.0000000e+00  -2.0404744e-01   5.8104553e-01   1.4787310e-01   6.7669133e-01  -1.4238696e+00  -1.5599620e-01
   2.0000000e+00  -4.8318753e-01  -2.2871358e-01  -5.7503251e-01  -1.1476149e-01  -3.0870265e+00   6.3153761e-01
   1.0000000e+00   2.0020448e-01   1.6735300e+00  -5.3769417e-02   3.1871075e-01  -1.5253354e+00   1.4777617e+00
   2.0000000e+00  -1.2402418e+00  -1.1844678e+00   1.8969688e+00  -2.4305203e-01   8.4324444e-01  -9.3780408e-02
   2.0000000e+00  -1.9349621e+00   1.5175303e+00  -1.0306289e-01   6.7018259e-01   1.6534733e+00  -4.9803831e-01
   2.0000000e+00  -1.3063381e+00  -9.2990045e-01   3.7304738e-01  -9.3186629e-01   7.3857186e-01   2.0456401e+00
   2.0000000e+00   8.4029745e-01  -2.0453767e+00  -1.6730996e-01   6.7439804e-01  -5.3304639e-02  -3.2081097e-01
   2.0000000e+00   1.0290975e+00  -8.8726850e-01  -7.5487912e-01  -5.4746246e-01   2.9933742e-01  -3.0583980e-01
   2.0000000e+00   1.3798490e-01   3.2605833e-01  -1.8814867e+00  -2.1802595e-01   1.2023243e+00  -1.2889162e+00
   2.0000000e+00   9.4368709e-01  -2.1179514e+00   1.2779418e+00  -1.2344246e+00   1.2571978e+00   9.0567396e-01
   1.0000000e+00   3.9206694e-01  -9.0943376e-02   1.2863208e+00   5.4953857e-01   8.9531033e-01   1.8906344e+00
   2.0000000e+00   1.7034049e+00  -1.9267607e-02  -1.2574286e+00  -5.2683057e-01   4.5940671e-01   5.2308651e-01
   2.0000000e+00   2.2693410e+00   4.5651430e-01  -7.0499692e-01   3.3260231e-01  -2.2306467e+00   5.1692113e-02
   2.0000000e+00  -7.6361225e-01  -7.3090852e-02   1.0870137e+00  -7.4751273e-01  -5.2589693e-01   2.1483414e-01
   2.0000000e+00   4.6777282e-01  -6.0306459e-01  -1.5090366e+00  -1.5272854e+00   9.5264200e-01   2.1670452e+00
   2.0000000e+00   1.2855400e+00   1.2955107e+00   1.3494251e+00  -2.1280875e-01   1.8702325e+00  -8.5948706e-01
   2.0000000e+00  -5.2205221e-01  -1.6386912e-01  -1.2858521e+00  -9.1295389e-01  -1.9607804e-01   1.1021653e+00
   1.0000000e+00  -3.0901060e-01   1.1769190e+00   6.0697907e-01   5.6183332e-02   4.0836616e-01   2.3340316e+00
   2.0000000e+00   3.4254116e-01  -1.7496116e+00   1.7143656e+00  -1.2842455e+00   1.5768879e+00   5.0858641e-01
   2.0000000e+00   3.6462118e-01   3.6178298e-01  -1.6693883e+00   1.4698300e+00  -1.7494286e+00  -1.8379328e+00
   2.0000000e+00  -6.8617242e-01   2.3171420e-01   3.0208969e-01  -2.0104924e+00   1.3496020e+00  -5.6416950e-01
   2.0000000e+00  -1.0266786e+00  -6.1258272e-01   1.9422756e+00  -1.2949604e-01   5.2291434e-01  -6.5715383e-01
   2.0000000e+00   1.8417903e+00   1.3885368e-02   3.6904961e-01  -2.1169304e+00  -5.5504343e-01  -2.2174328e+00
   2.0000000e+00  -6.8816616e-01  -1.4671199e+00  -4.7818864e-01  -8.8046731e-02  -1.1097087e+00  -4.7106922e-02
   2.0000000e+00  -1.3208628e+00  -8.0692395e-01  -1.1673990e+00   4.4097342e-01   1.9678722e+00  -5.7323140e-01
   2.0000000e+00  -8.0942179e-01  -6.2237524e-01  -2.4146795e-01  -1.0338174e+00   3.4215440e-01  -5.9698855e-01
   2.0000000e+00  -4.7146086e-01  -1.1038047e+00  -1.4722053e-01  -7.2549987e-01  -1.0328043e+00   1.5833134e+00
   2.0000000e+00  -8.8827875e-01  -1.2342703e-01  -1.1490839e+00   1.1471621e+00  -3.2425194e-02  -1.6276713e+00
   2.0000000e+00  -9.9570538e-01  -1.6421381e+00   1.0368800e+00  -9.2862358e-01  -1.0600800e+00   1.0681495e+00
   2.0000000e+00   1.1925407e+00  -9.1622748e-01  -5.5657198e-01  -8.2258656e-02   2.4847315e+00  -9.2984777e-01
   1.0000000e+00   4.1783777e-01   7.9781994e-01   5.2129610e-01   4.8313730e-01   2.6902686e-01  -2.4918105e-01
   2.0000000e+00  -5.3486519e-01  -1.6187547e+00   9.7437660e-01   1.8147978e+00   2.2266225e-01   8.0706926e-01
   2.0000000e+00   4.7106563e-01   1.1344114e-01   1.9606410e+00  -1.1159691e+00   1.8006042e-01   9.6127478e-01
   1.0000000e+00  -2.1253190e-01   1.9465093e+00  -9.2520128e-02   4.5522885e-01   4.6350096e-01  -1.2286184e-01
   2.0000000e+00   6.2967568e-02  -2.3863808e-01  -1.3500663e-01  -1.7910924e+00  -3.5844762e-01   3.4701575e-01
   2.0000000e+00  -4.7483731e-01   4.1274375e-01  -4.7753026e-01   1.4899585e+00  -3.3458344e-01   1.8193427e-01
   2.0000000e+00   7.2687163e-01  -1.5969612e+00  -1.4136475e+00  -4.2982315e-02   7.7363748e-01   2.8880055e+00
   2.0000000e+00   1.3965615e+00   5.0028967e-02   2.2807809e-01  -1.2515514e+00   1.9350764e+00  -2.0463333e-01
   2.0000000e+00   2.2623651e-01   8.1580633e-01   8.6791079e-01  -2.3983835e+00  -1.7752198e+00   1.7306651e+00
   2.0000000e+00   1.0905338e+00  -1.3843798e+00  -1.5156193e+00  -5.9137685e-01  -1.6396058e-01   1.7938331e+00
   2.0000000e+00  -9.8364783e-01   1.5999222e+00  -7.6373105e-01  -1.4972921e+00  -6.2027451e-01   4.3699685e-01
   2.0000000e+00   2.5309244e+00  -9.8662087e-01  -9.8615772e-01  -1.7051090e-01  -3.1771873e-01   1.4011333e+00
   1.0000000e+00  -3.3776968e-01  -3.3874203e-01   6.1151447e-01   2.2206529e-01  -9.9557111e-01   1.5552159e-01
   2.0000000e+00  -1.0600798e+00  -6.4684432e-01  -1.2677826e-01  -8.8940488e-01   8.7950538e-01  -4.8390355e-01
   2.0000000e+00   1.3017658e+00   5.6017353e-01  -1.9093506e-01   4.4908935e-01  -7.7256902e-02   4.8025626e-01
   2.0000000e+00  -2.3493971e+00  -2.0043809e-01   7.4393932e-01  -8.0766330e-03   8.1658096e-03  -9.2486726e-01
   2.0000000e+00   6.5674062e-01   5.5627211e-01   1.1713751e-01   1.2746740e+00  -7.9287986e-01  -1.2431902e-01
   2.0000000e+00  -4.6184143e-01  -8.6092693e-01  -1.3558670e+00   1.0696077e+00   4.6261941e-01   2.3533582e-01
   2.0000000e+00  -3.4008630e-01   7.5804900e-01  -1.8165747e+00  -8.4803470e-01   3.6590311e-01   3.9744994e-01
   2.0000000e+00   8.4635677e-01  -8.9530487e-01   1.9191530e+00  -5.8612244e-01   6.4330471e-01  -6.4349547e-01
   1.0000000e+00   5.5219006e-02   2.9403406e-01  -1.1657050e+00   1.8292068e-01  -7.5377627e-01  -5.2769800e-01
   2.0000000e+00  -1.2132318e+00  -4.9781045e-01   1.2226770e+00  -2.3623190e-01   1.1471852e+00  -7.9313437e-01
   2.0000000e+00  -1.0831874e+00   8.2234172e-01  -2.9210885e-01   2.5011570e-01  -1.0130732e+00  -1.0635562e+00
   2.0000000e+00   1.0420889e+00   2.7132372e-01   4.0110481e-01   3.4615029e-01   1.8631695e+00  -8.7637914e-01
   2.0000000e+00   1.5438493e-01  -4.5515590e-01   1.4192308e-02  -3.0028051e-01  -1.6186021e+00  -6.9174839e-01
   2.0000000e+00   2.8115458e-01   1.3081697e+00   1.2471695e-01  -6.5983041e-01  -5.4107828e-01  -4.7155858e-01
   2.0000000e+00   3.9089090e-01   5.9562015e-01   2.6180294e-01  -4.8351801e-01  -1.1624631e+00  -3.3779575e-01
   2.0000000e+00  -1.6581707e+00  -2.7287679e+00   1.4961680e+00   3.0933342e-01   4.3066859e-01   1.0597040e+00
   2.0000000e+00  -5.3533275e-01  -7.1093485e-01   9.2849794e-02  -6.2262462e-01   2.6216517e-01   1.7159273e+00
   2.0000000e+00  -2.5140968e-01   6.3750225e-01  -3.7863795e-01   1.2465946e+00  -5.4234695e-01  -2.0822205e+00
   2.0000000e+00   5.2351679e-01  -6.1380677e-01  -4.1555796e-01  -7.4619903e-01  -1.3131988e+00  -9.8399875e-01
   2.0000000e+00  -4.7229181e-01  -4.2936750e-01   3.5825786e-04  -8.9431873e-01   3.1078216e-01   2.4210335e-01
   1.0000000e+00  -7.8294389e-01  -4.1779625e-01  -3.1971037e-01   4.3829957e-01   9.1981278e-01   3.3466989e-01
   1.0000000e+00  -5.1542182e-01   8.0050016e-01  -1.7356871e-01   6.0343043e-01  -1.5031555e+00   3.8306430e-02
   2.0000000e+00  -7.2836408e-01   2.6027125e-01   1.0516516e+00  -6.6191727e-01   1.4445475e-01   5.5749849e-01
   1.0000000e+00  -3.4433525e-01  -4.4498676e-01  -7.7852792e-01   9.9186037e-02  -6.3918488e-01  -2.0780545e+00
   2.0000000e+00   2.7519048e-01   6.1324463e-01   1.3057838e+00  -6.1350834e-01  -1.0390806e-01  -1.1288081e+00
   1.0000000e+00   5.6880621e-01   2.6520663e-01   1.8865330e+00   6.6834372e-01  -1.8307654e-02  -4.9668870e-02
   1.0000000e+00  -2.3523296e-01  -1.3864857e-01   4.6902614e-01   2.9767694e-01   5.0539212e-02  -2.2851649e-02
   2.0000000e+00   5.7393557e-01  -3.2883181e-01  -4.7978218e-01   1.1223245e+00   6.5041618e-01   1.3498442e+00
   2.0000000e+00  -1.8675974e+00  -1.9153952e-01   5.7604416e-02   8.2317733e-01  -1.5948033e-01   3.1195457e-01
   2.0000000e+00   1.4871315e+00  -2.2665511e-01   1.1902611e+00   1.2105458e+00  -1.4699009e+00  -1.8205946e+00
   2.0000000e+00  -1.1425168e+00   2.5858027e-01   4.4251602e-01  -7.2773993e-01  -5.2088421e-01  -7.0789127e-02
   2.0000000e+00   1.4687190e-01  -1.5305843e+00  -2.9676937e-01  -7.0097394e-01   1.4189795e+00  -2.3597289e+00
   2.0000000e+00   5.3468277e-01  -5.2828542e-01  -1.0712552e+00  -1.2082575e+00  -3.5677588e-01  -3.8229948e-01
   1.0000000e+00  -8.0527450e-02  -5.1038187e-02   3.4460498e-01   3.2889923e-01  -1.2432415e+00   2.3655839e-01
   1.0000000e+00  -3.8274473e-01  -9.4441772e-01  -1.1732541e+00   2.8221114e-01  -8.6287937e-02   3.7520170e-01
   2.0000000e+00  -8.9122085e-01   2.0256121e-01   4.2196812e-01   1.3971094e+00   2.6556127e-01  -7.1756375e-01
   1.0000000e+00   5.2378997e-02  -3.4618525e-01  -1.6238744e+00   2.2059891e-01  -5.5437502e-01  -9.9465887e-01
   2.0000000e+00   1.3913795e+00  -7.2389979e-01   2.8028848e-01  -8.4679958e-01  -2.9029886e-01  -5.2388212e-01
   2.0000000e+00   1.0119892e+00  -1.4172369e+00   2.2496449e-01  -5.2475895e-01  -1.0512734e+00   1.3356177e+00
   1.0000000e+00   9.8012849e-02   3.9027700e-01   1.0412331e+00   5.0084429e-01  -1.0892560e+00  -1.7998437e-01
   2.0000000e+00  -6.7945288e-01   6.2024908e-01   1.0205219e+00  -7.4846675e-01   1.2419566e+00   9.2884089e-01
   2.0000000e+00   6.9986145e-01   2.5347340e-01  -9.6738977e-01  -6.2983329e-01   9.2838022e-02   4.8006189e-02
   2.0000000e+00  -1.1632304e+00   1.3570977e+00   2.4326916e-02  -2.4896577e-01   1.0005953e-01  -1.4086973e-01
   2.0000000e+00   3.7402676e-01   2.0986472e+00   7.9271349e-01  -6.3653543e-01  -2.0892061e-01   3.3077819e-01
   2.0000000e+00  -3.0529699e-01   1.4121893e-01  -9.9860967e-01  -1.6704666e-01  -8.1840133e-01  -2.7437432e-01
   2.0000000e+00   3.3940453e-01  -3.3047062e-01   2.2510331e-01  -1.2167628e+00  -1.5827522e+00   8.9894779e-01
   1.0000000e+00  -7.6523808e-01  -1.4380787e+00   6.2214385e-01   9.6308030e-02   4.8036091e-01   6.3487144e-01
   2.0000000e+00   1.0168043e+00  -7.8033452e-01   3.8793198e-01  -9.1577868e-01   3.7240977e-01   7.6238100e-01
   2.0000000e+00  -6.4409454e-02   1.4461775e+00   1.4287317e+00  -6.8751747e-01  -4.7201965e-01  -1.6258428e+00
   2.0000000e+00  -6.5479659e-01  -1.1658350e+00   1.7150863e+00  -8.2812854e-01   1.8703899e-01   4.5279574e-01
   1.0000000e+00   2.8768762e-01  -1.2893072e+00   2.2333974e-01   9.4210730e-01   1.3047983e+00   4.2126741e-01
   2.0000000e+00   1.0910861e-01   1.5908331e+00  -1.2131785e+00   1.7073962e+00   1.9287258e-01  -5.5439158e-01
   2.0000000e+00  -9.1301257e-01   1.9551124e+00  -2.0917792e+00   8.1136623e-01   2.4034250e-01  -4.6771457e-01
   2.0000000e+00   9.1698531e-01  -1.3445382e+00   2.8118740e-01  -2.3320926e+00  -1.0580586e+00   3.0529366e-01
   2.0000000e+00   1.5488919e+00   7.1583364e-01  -7.3172187e-01  -1.1994393e+00  -1.9330414e+00  -7.1661028e-01
   1.0000000e+00   2.1353507e-01  -9.6981822e-02  -1.4144587e+00   1.2130460e-01   6.8075253e-01   4.2279424e-01
   2.0000000e+00   1.7217837e+00  -1.4988475e-01  -1.1410647e+00   4.2268510e-01   6.3527483e-01   1.1452148e+00
   2.0000000e+00  -4.3238144e-01   1.7422677e-01   1.0538686e-01   1.0429927e+00   6.2882580e-01   1.6883999e+00
   2.0000000e+00   8.9753693e-01  -1.0285891e+00  -3.5321642e-01   1.1838061e+00  -1.0820580e+00  -1.1158902e+00
   2.0000000e+00   9.1563251e-01  -6.0856883e-01   4.3421544e-01  -6.5791401e-01  -3.3674238e-01  -3.5667594e-01
   2.0000000e+00   3.1247842e-01   6.9567091e-01   1.3938263e-01  -9.7663037e-01   2.6668098e-01  -2.7971444e-01
   1.0000000e+00   3.1790546e-01   1.7914487e+00  -5.6388377e-01   7.0382331e-01   1.7519488e-01  -1.1443787e+00
   2.0000000e+00   7.7365311e-01  -9.9600684e-02  -3.1969834e-02   1.5950318e+00   4.8099477e-01  -2.7380630e-01
   2.0000000e+00  -1.8659603e+00  -4.3834388e-01   4.5006494e-01  -8.1255521e-02  -8.8024100e-01   7.3227626e-01
   1.0000000e+00   3.8505547e-01   3.9953915e-01   2.3486630e-01   8.1521060e-02   4.0137727e-01   5.7773751e-01
   2.0000000e+00  -4.3609740e-01  -1.6803859e+00   4.1259416e-01   1.1819756e+00  -8.1768259e-01  -5.8666140e-01
   2.0000000e+00  -5.4810659e-01   3.8740843e-01  -3.8258738e-01  -1.5874240e+00  -1.3355731e+00   9.9596358e-01
   2.0000000e+00  -2.8964063e-01   5.6978541e-01   1.8694636e+00   1.3025236e+00   1.1473461e-01  -5.0691675e-01
   1.0000000e+00  -2.0956998e-01  -1.2715172e+00   6.0715252e-01   2.9550160e-01   5.8675437e-01   9.8468647e-01
   1.0000000e+00   8.3349547e-01  -1.4393769e+00   2.3033961e-02   2.0976914e-02   6.3133713e-01   4.4996673e-01
   2.0000000e+00   7.7899880e-01  -4.6174061e-01  -5.9931070e-01   9.2611399e-01   9.2330329e-01  -7.6171307e-01
   2.0000000e+00   1.8286258e-01  -1.9769935e-01   6.6570604e-02  -1.5691652e+00   3.0709129e-01   6.5252003e-01
   1.0000000e+00   2.2533094e-01   8.1875107e-01   1.7729773e+00   7.7410992e-01  -3.9238820e-01  -5.0922357e-01
   1.0000000e+00  -1.9121386e-02  -4.3639951e-01  -8.4581708e-01   8.0266022e-01  -7.7948803e-01  -1.8630054e+00
   2.0000000e+00  -2.4774211e+00   1.2458904e+00   9.7663486e-01  -2.4716314e+00   3.4495698e-01   6.2884014e-02
   2.0000000e+00  -4.0056796e-01   3.3571609e+00   3.5137539e-01   8.8639099e-01  -3.1695303e+00   4.6513384e-01
   2.0000000e+00  -1.5197880e-01  -1.4438348e+00   1.8950791e+00  -1.9284324e+00  -6.6690550e-01  -4.7480122e-01
   2.0000000e+00  -1.4328187e+00   1.1540049e-01  -8.3597364e-01  -3.1289535e-02   9.4250303e-01   1.8035701e+00
   2.0000000e+00  -1.4338892e+00   6.8854705e-01   2.4349962e-01   1.6888830e+00  -1.5042664e+00   2.4918172e+00
   2.0000000e+00   1.3330232e+00   7.4731263e-01   3.6461867e-01   1.6479626e+00   7.4867463e-01   1.4494944e+00
   2.0000000e+00   5.0194099e-01  -7.8360326e-01   1.9878013e-01  -1.9431412e+00  -3.7385352e-01  -1.5931551e+00
   2.0000000e+00   8.0340967e-01  -2.4160828e+00   5.6620661e-01  -1.5653918e+00   1.1252920e+00   1.5852822e+00
   2.0000000e+00  -1.3616983e-01   7.7678364e-02  -2.2560877e-01  -6.0680020e-01  -5.7177114e-01   7.0984063e-01
   1.0000000e+00  -3.1292613e-01   8.5811639e-01   2.4843269e-01   1.9943211e-01   9.5323108e-01  -5.9819545e-02
   2.0000000e+00  -2.3563062e+00   3.2627532e-01  -1.3875601e+00  -7.0207467e-01   1.3571572e-01  -3.3060788e-01
   2.0000000e+00   1.0734963e-01  -9.3671698e-01   1.6225038e-01   1.5300082e+00  -1.5427512e+00  -1.2799716e+00
   2.0000000e+00  -9.9044752e-01  -2.7059608e-01  -2.2309468e-01  -1.7551069e+00  -1.0415945e+00  -1.1844203e-01
   1.0000000e+00  -2.3358120e-01  -5.3216827e-01   3.8860446e-01   8.1490913e-02   9.1095770e-01  -9.1259041e-01
   2.0000000e+00   3.7292335e-01  -2.5079097e-01   2.1468088e+00  -2.8108338e-01   7.1232554e-01   2.2002454e-01
   2.0000000e+00   6.7430628e-01  -2.1644393e-01  -6.8263617e-01  -2.3865379e-01   4.8740986e-01   6.1428647e-01
   2.0000000e+00  -6.4131803e-03   3.9984652e-01  -8.5880114e-01  -3.8266231e-01   4.9142844e-01   1.9212415e+00
   1.0000000e+00   5.4075858e-01   1.5537398e+00  -2.1323749e+00   2.8293611e-01  -1.7866366e+00   9.7199269e-02
   2.0000000e+00   9.0759430e-01  -5.3003193e-01   6.4788075e-01  -1.8077440e+00   2.1567269e+00  -5.4945584e-02
   2.0000000e+00  -5.5801901e-02  -1.2022350e-01   4.2554133e-01  -2.3580728e+00  -1.2475855e+00   6.7558721e-01
   2.0000000e+00  -4.4853061e-02   7.1740198e-01   7.2779731e-02  -3.7355294e-02   5.5565325e-01  -4.9496153e-01
   2.0000000e+00   1.2455490e+00   1.8407935e+00  -3.7334504e-01   4.0923837e-01   9.1740964e-01   3.2187313e-01
   2.0000000e+00  -2.5690416e-01   9.2691054e-02  -4.5341109e-01  -5.9231349e-01   2.1027295e+00   3.0869919e-01
   2.0000000e+00   9.4151580e-01   2.4599767e-01   1.8634646e+00   1.1759260e+00   2.3298526e+00  -1.3745842e+00
   2.0000000e+00  -9.9553517e-01  -2.7286922e-01  -6.0066906e-01   6.4530940e-01   1.6219691e+00  -2.5141013e-01
   2.0000000e+00   8.4529098e-01  -1.0059880e+00  -2.2654334e-01  -1.0971391e-01  -1.0521780e+00   9.6559833e-01
   1.0000000e+00   3.7289837e-01   1.0114955e+00  -8.7824680e-01   2.0489470e-01  -6.3961174e-02   1.1994857e-02
   2.0000000e+00   1.7427242e+00  -1.5644029e+00  -3.4420607e-01  -7.8440053e-01   8.7216369e-01   1.7111283e-01
   2.0000000e+00   4.4148501e-01   1.0268616e+00  -1.2404426e+00  -7.7417591e-01  -2.7414322e+00  -9.7730812e-02
   2.0000000e+00   1.1601687e+00  -4.0040847e-02  -1.8033597e+00   2.3614904e-01  -2.7206331e-01  -4.5457422e-01
   2.0000000e+00   1.2978191e+00   6.6962800e-01   3.0256996e-01   3.9372405e-02  -3.9291031e-01   2.5173807e+00
   1.0000000e+00   3.5554816e-01  -2.9481289e-01   8.4257232e-01   7.9142950e-03  -3.9689499e-02   3.6563685e-01
   2.0000000e+00  -3.4158682e-01  -1.5812324e-01  -1.7891726e+00  -2.3854433e-01  -3.8246389e-02   1.0377127e+00
   1.0000000e+00   6.2478689e-01   8.1893614e-02   9.7992442e-01   8.5088121e-03  -1.4922329e+00   1.3007688e+00
   2.0000000e+00  -8.4181577e-01   1.8518677e-02  -2.4634153e-02   1.0283971e+00  -5.3608770e-02   5.4196651e-02
   1.0000000e+00  -2.9320630e-02  -9.4406779e-01   3.8042381e-02   2.8778074e-01  -2.1984528e-02  -4.5556010e-01
   2.0000000e+00   1.4512656e+00  -2.5317295e-01   3.2973772e-01  -5.0496056e-02   1.2557506e+00   4.6023802e-01
   1.0000000e+00  -8.6589474e-01   1.2385077e+00   2.4199813e-01   2.8910870e-01  -3.0627197e-01  -1.4884106e+00
   2.0000000e+00   9.9616406e-01   9.0062932e-01   1.1291634e+00   2.7303281e-01  -2.6390010e-01   5.0102663e-02
   2.0000000e+00   1.1777475e+00   2.1105171e+00   5.2283114e-01  -4.7592005e-01   3.0723640e-01   2.2541933e+00
   1.0000000e+00  -1.7098180e-01  -8.6438332e-01   1.1573113e+00   1.2095750e-01  -3.5843287e-01  -7.7866161e-02
   2.0000000e+00   7.3640127e-01   2.5090609e-01   7.7225116e-01  -1.6635508e+00   1.3326141e-01  -1.4777857e+00
   2.0000000e+00   5.9363443e-01   5.3270773e-02  -7.7609454e-01  -1.7223731e+00   7.4631223e-01   8.7889527e-01
   2.0000000e+00   1.3626751e+00  -4.8247961e-01  -3.0641937e-01   3.1321803e-01  -1.1520416e+00  -1.9611440e+00
   1.0000000e+00  -5.5820232e-01   5.7582265e-02   1.4292886e+00   2.0125432e-01   8.3478078e-01   6.5044326e-02
   2.0000000e+00   2.0162464e-01   1.9739172e-01   2.2213209e+00   1.5497664e+00   2.5963246e-01  -1.1219125e+00
   2.0000000e+00   1.2541573e+00  -1.6261142e+00  -1.7434780e+00   1.4113707e+00   1.9620089e-01  -8.1267558e-01
   2.0000000e+00   1.0311695e+00   4.7174942e-01  -1.9070498e+00   2.8208162e-01   9.6549394e-02   3.8343849e-01
   1.0000000e+00   2.3368056e-01  -3.9153753e-01  -1.7463602e+00   1.7047245e-01  -4.9313807e-01   4.3896806e-01
   2.0000000e+00  -7.8691707e-01  -1.7481452e+00   2.9588978e+00   1.6259114e+00   2.2224393e+00  -2.7160612e-02
   2.0000000e+00  -1.9393152e+00   9.7764518e-01   4.6372341e-01  -6.7168431e-01  -5.8260518e-01  -9.8786712e-01
   2.0000000e+00   1.3168934e+00   1.7374880e+00   1.2759247e+00   1.9609990e+00  -6.8156833e-01  -2.0894790e+00
   2.0000000e+00  -5.9862531e-01  -3.3076891e-01   2.6714566e+00   1.2279166e+00   9.9583018e-01   1.3939230e+00
   2.0000000e+00  -2.0341843e+00  -5.1486801e-01  -1.6828244e+00  -2.0900073e+00  -3.7381595e-01   7.4533045e-01
   1.0000000e+00   5.2912966e-01   1.1815981e+00  -1.8884385e-01   3.3187515e-01  -4.4126586e-01   1.3553831e+00
   1.0000000e+00  -7.9114729e-01  -3.0543941e-01  -1.2177311e+00   1.5572143e-01   5.9402897e-01   3.6159091e-01
   2.0000000e+00   4.4088539e-01  -7.2014775e-01   5.6987594e-01  -5.2614241e-01  -3.2340269e-01  -7.3105660e-01
   2.0000000e+00  -3.0824723e+00  -2.3132462e+00  -5.1445594e-01   4.5572167e-02  -5.8263591e-01  -6.6563247e-01
   1.0000000e+00  -4.5376305e-01   1.2732083e+00  -2.1552484e-01   3.4164837e-01   1.5490166e-01  -6.2879355e-01
   1.0000000e+00   5.0251027e-01   9.2714842e-01  -6.1388018e-01   8.5414360e-01   7.8289954e-01  -7.0379704e-01
   2.0000000e+00  -6.3215333e-01   2.5544287e-01  -5.2217847e-01  -8.8390573e-01   6.1572573e-01  -7.9433603e-01
   1.0000000e+00  -4.3262321e-02  -5.3497819e-01   1.1892000e+00   2.4193584e-01   1.5865859e-01  -1.1249620e+00
   2.0000000e+00  -1.4726260e+00  -1.4096109e+00   5.5294453e-02  -2.2178108e+00   1.2425690e+00   2.6369784e-01
   2.0000000e+00  -1.4168464e+00   7.5191598e-01  -7.1558354e-01  -4.3742839e-02  -8.9536740e-01  -1.6320973e+00
   2.0000000e+00  -2.8563521e-01  -2.4049608e-01  -7.2193165e-01  -1.3001125e+00   2.7161037e-01  -7.9451951e-01
   2.0000000e+00  -1.4275757e+00   1.7242056e-01  -1.5775331e+00   7.9057298e-01  -1.1658143e-02  -2.0612488e-01
   2.0000000e+00   1.4437965e+00  -3.2599108e-02   1.2499392e-02   1.9308077e-01   1.0562831e-02  -8.7580004e-01
   2.0000000e+00  -2.3271027e-01  -5.9705293e-02   1.8418080e-01   1.0460089e+00  -8.6707335e-01  -1.5631090e+00
   2.0000000e+00   1.8482168e+00  -4.5511953e-01   4.8141938e-01  -9.8425252e-01  -8.9818443e-01   1.2510172e-01
   2.0000000e+00   3.8685295e-03  -6.8054544e-01  -4.9328083e-01  -6.7787198e-01  -1.1553758e+00  -8.0674186e-01
   2.0000000e+00  -1.6933618e-01  -2.4189652e-01   1.5305738e+00  -8.6523170e-01  -2.3562064e-01  -1.8357538e-02
   2.0000000e+00  -1.3838096e+00  -1.4726056e+00  -7.2580968e-01  -1.7618176e+00  -1.5522000e-01   4.6411077e-01
   2.0000000e+00  -1.8629479e-01  -4.3622228e-01   1.4152694e+00  -5.4931530e-01   1.1490509e-01   2.5347244e-01
   2.0000000e+00   6.1126764e-01   5.2391598e-01  -1.4088796e-01  -6.2467987e-01   1.3339184e+00   1.7633841e+00
   1.0000000e+00   7.5069811e-01  -7.9328214e-01  -1.8078064e-01   5.4295509e-04  -2.0199579e-01  -2.6914420e-02
   1.0000000e+00  -3.7378892e-02   1.5978862e+00   2.4386520e+00   2.8659027e-01   1.3104879e+00   9.9081105e-01
   2.0000000e+00   1.6553749e+00   6.9450948e-01   6.3701002e-01  -1.4404026e+00   5.9906751e-01  -1.9018631e-01
   2.0000000e+00   1.2564936e+00  -8.9025028e-01   7.8838999e-01   1.1504563e+00   8.3009373e-01  -8.8805815e-01
   1.0000000e+00   1.7368417e-01  -1.3184281e+00   7.6893249e-01   9.1907504e-01  -6.2447936e-01  -2.7526816e-02
   2.0000000e+00   1.1572044e+00  -6.1346766e-01   2.6901489e-01  -2.6197463e-01   3.5626355e-01   5.7657078e-01
   2.0000000e+00   6.1350736e-01  -8.0896146e-01  -8.0647396e-03  -8.2944557e-01   2.6509870e-01   2.5368659e+00
   2.0000000e+00   3.1382028e-01  -9.8628219e-01   2.4663654e-01   1.3070511e+00  -1.3212812e+00   1.5179729e+00
   2.0000000e+00  -5.7570336e-01  -7.6290854e-01  -2.5153068e-01   1.0081232e+00  -1.2646267e+00  -1.4204500e+00
   2.0000000e+00   1.0584315e+00   2.2421148e-01  -5.1593720e-01   8.9187608e-01  -3.8342182e-02  -1.7378241e+00
   1.0000000e+00   7.2150450e-01  -2.7432835e-01   6.5484742e-01   7.4099344e-02  -5.4427879e-01   4.7942885e-01
   1.0000000e+00   5.5587776e-01   1.7666544e-01  -6.2788126e-01   5.0035455e-01   2.0839614e-01  -7.5584881e-01
   2.0000000e+00   1.0222932e-01  -3.3101667e-01  -5.6434215e-01   2.7109865e+00  -8.9973184e-01   2.7697601e-01
   2.0000000e+00   8.1120909e-01   2.0942726e+00  -9.1629220e-01   1.7374012e+00   6.4591822e-01  -9.4309641e-01
   2.0000000e+00  -9.5586491e-01   6.7639350e-01  -2.6640455e+00  -5.7724411e-01  -9.2291169e-01   7.9953358e-01
   2.0000000e+00  -2.1912837e+00  -1.0992885e+00   1.9902880e+00   1.4704814e+00  -2.8085799e-01  -2.0082662e-01
   2.0000000e+00   1.4913454e+00   1.5376500e-01  -6.5721531e-01   3.1235619e-01   5.4601781e-01   1.3688800e-01
   2.0000000e+00   3.9442160e-01  -1.4861557e-01  -1.3314685e+00  -9.8953797e-01   9.9078441e-01  -1.1795656e-02
