   2.0000000e+00   1.0876273e-01   6.3695803e-01   2.9825714e+00   1.8531296e-01  -1.4309617e-01   1.5184790e+00
   2.0000000e+00  -1.4847709e+00  -4.3471871e-01  -1.4657769e+00  -7.4019170e-02   6.9530278e-01  -1.5572159e-04
   2.0000000e+00   2.5830550e+00  -2.6627447e-01  -3.2643712e-01   1.5133997e+00   1.3784223e+00   1.9212666e-01
   2.0000000e+00   9.1291151e-01  -3.7231385e-01  -5.4697660e-01  -4.5968362e-01  -1.1041195e+00   8.2639504e-01
   2.0000000e+00  -1.0345093e+00  -1.4465691e+00   1.0700148e+00  -3.8875664e-01   1.1073805e+00   3.9006251e-01
   2.0000000e+00   3.6988544e-01  -1.4189586e+00  -8.4637738e-01  -1.2627500e+00   1.0701730e-01  -1.0851253e-01
   2.0000000e+00  -8.6753437e-01   2.9675500e-01   1.8780881e+00  -8.3608179e-01  -2.0083927e-02  -5.3518411e-01
   2.0000000e+00  -4.5144141e-01  -5.8119865e-01  -4.5424730e-01  -6.6833553e-01  -5.9870704e-01  -1.5633099e+00
   2.0000000e+00  -2.1486606e+00  -9.8166898e-02   6.5108470e-01  -6.3220382e-01  -1.7255754e+00   2.8778283e-01
   2.0000000e+00  -1.8441097e+00  -3.4191827e-01  -7.7667928e-01  -3.1255798e-01  -3.0144682e-02   2.4059114e+00
   1.0000000e+00  -2.8045274e-01   1.6677691e+00   4.6625843e-01   3.1937024e-01   6.7329024e-01  -1.6312838e+00
   2.0000000e+00   7.0856077e-01  -1.3570090e-01   1.6203989e+00  -4.1026125e-01  -2.7252726e-02   2.2061519e-01
   1.0000000e+00  -1.5415941e-01   7.3303114e-01  -7.3525040e-02   2.0658197e-01   1.9218262e+00  -1.3598623e+00
   2.0000000e+00  -6.2267636e-01  -7.5051186e-01   1.2842667e+00  -3.8725145e-01  -6.4250739e-01   1.1340460e+00
   2.0000000e+00  -7.7383388e-01   2.4270041e-01  -2.7289695e+00   7.5105092e-01   4.1979649e-01   7.2025138e-02
   2.0000000e+00   8.1293485e-01   1.2156233e+00   4.9537838e-02   2.1621605e+00   1.4552789e-01  -2.6051129e-01
   2.0000000e+00   1.6984918e+00   5.2826422e-01   1.3604468e+00  -1.3152999e-01   7.7510450e-01   1.9607078e+00
   2.0000000e+00   5.6573825e-02  -4.5870925e-01  -9.5671631e-01   1.6848565e+00   1.0283374e+00  -6.9795400e-03
   2.0000000e+00   4.5436173e-01   1.1735738e+00   1.5669827e+00  -4.1806359e-01   2.6874197e-01  -1.2392872e+00
   2.0000000e+00   3.4963158e-01  -9.1160221e-02   3.0658757e-01  -2.4196644e+00   4.4611617e-01  -3.5672237e-01
   1.0000000e+00  -1.0011499e+00   5.9361206e-01  -2.7906280e-01   5.5239358e-01   2.9914634e-01   6.2102583e-01
   2.0000000e+00   4.2241389e-01   2.9226731e-01   1.0294737e-01  -7.5740002e-01   3.9185080e-01   5.8819052e-01
   1.0000000e+00  -2.0230950e-01   1.2097675e+00   7.1906775e-01   3.0615031e-01  -7.5612869e-01  -6.0812396e-01
   2.0000000e+00  -4.3221518e-01  -2.0848070e+00   8.7443093e-01   2.7430625e+00  -4.5387523e-01  -4.0604957e-01
   2.0000000e+00  -1.4257036e+00  -1.4909321e-01  -1.2702074e+00  -8.6868871e-01   1.6585355e+00  -1.5200031e-01
   2.0000000e+00  -1.2437344e+00   3.4032343e-01   5.5322083e-01  -4.7374887e-01   1.1510780e-01  -1.8121142e+00
   2.0000000e+00  -1.1648628e+00   7.3873497e-01  -3.6278620e-01  -3.2758714e-01  -3.0051342e-01  -1.2639889e+00
   2.0000000e+00   7.6755734e-01  -5.1584196e-01  -1.2977320e+00   1.3481947e-01   6.6123680e-01  -5.9674930e-01
   2.0000000e+00  -5.2792973e-01  -8.2792615e-02   9.5135468e-01   4.2630187e-01   4.1789574e-01  -3.0608791e-01
   2.0000000e+00  -8.1229265e-01   1.7254590e+00   5.2554762e-01  -1.6499704e-01  -9.5324818e-01   1.4399832e+00
   2.0000000e+00   9.9196995e-01  -4.0866043e-01  -6.3730204e-02   1.1434629e+00   7.9682174e-01   2.2339783e-01
   2.0000000e+00  -7.1112117e-01  -2.8616236e-01  -4.3976456e-01   1.3514020e+00   1.4225112e+00  -1.4721307e+00
   2.0000000e+00  -2.7601546e-01  -6.6043379e-01  -9.8468980e-01   1.6991284e+00  -1.5730782e+00  -1.6522641e+00
   2.0000000e+00   5.8413169e-01   3.1394543e-01  -4.8021623e-01  -1.0997267e-01  -1.8885816e-01   1.6962926e+00
   2.0000000e+00   3.5308658e-01  -2.2348208e+00  -1.3280296e+00   2.0247495e+00   2.1350249e+00   1.3648634e+00
   2.0000000e+00  -3.6109494e-01  -2.0967538e-01  -1.0167390e+00  -1.2570120e+00   9.6341621e-01   1.1442911e+00
   2.0000000e+00  -4.0856034e-01   1.1107379e+00  -9.4291625e-01  -2.9618289e-01  -1.7245783e+00  -1.6499921e+00
   2.0000000e+00   5.7895482e-01  -2.1687136e+00  -3.2654674e-01   8.7508461e-01  -7.2304956e-01  -1.8407528e+00
   2.0000000e+00   8.7744970e-01   9.7107810e-01   7.4815714e-01  -5.5745059e-01   1.4365990e+00   1.9796416e+00
   2.0000000e+00   3.3091966e-01  -7.6749947e-01  -1.3395808e+00   1.6524418e-01  -3.5764058e-02  -2.3166197e-02
   2.0000000e+00  -2.3591238e+00  -6.2269682e-01   1.0635634e+00  -5.8670871e-02   5.3937090e-01   2.0589446e-01
   2.0000000e+00  -1.8231247e+00   1.7914756e-01   1.1318678e+00   1.6976765e+00  -1.5741711e+00  -1.0304351e-01
   2.0000000e+00  -8.2220622e-01   2.3064068e+00   5.4575836e-01   8.4983175e-01   2.5240583e-02  -1.3373587e+00
   2.0000000e+00   2.6360607e-01  -1.7835100e+00  -4.3093427e-01  -1.9324801e+00   1.2453331e+00  -1.2826220e+00
   2.0000000e+00   2.2628685e-01  -5.8869959e-01  -8.3136719e-01  -6.4676722e-01  -2.0952999e+00  -2.0010421e+00
   2.0000000e+00   4.6260648e-01   7.6253676e-01  -8.4273581e-02  -4.2736554e-01  -9.9681893e-01   7.3773948e-01
   2.0000000e+00  -3.8551963e-01   1.3916783e+00   2.0734457e+00  -1.8635386e+00   4.0127616e-01  -1.5090790e+00
   2.0000000e+00   1.2372405e-01   2.2083037e+00   4.1709585e-01   1.4835203e+00   1.3084745e+00   3.0825300e-02
   2.0000000e+00   2.1467963e-01  -2.0826877e+00   2.5400638e-01  -9.7646748e-01  -1.0113580e+00   1.6271535e+00
   2.0000000e+00   8.3725780e-01  -2.6300437e+00  -1.6012576e+00   7.5433272e-01   3.4280885e-01   1.5162520e+00
   2.0000000e+00  -8.1957207e-02   1.6792526e+00  -3.1190156e-01   2.3632779e+00   8.6412182e-02   7.5950932e-01
   2.0000000e+00   1.9235384e-01   4.1929711e-01  -7.3335482e-01  -6.4579537e-01   8.2813489e-01  -7.3587806e-01
   2.0000000e+00   8.9392264e-01  -3.7721874e-01   6.9713286e-02  -2.3374070e-01   7.4682731e-03   1.0961765e+00
   1.0000000e+00  -3.3246029e-01  -1.0280143e+00  -5.6796216e-02   4.6197951e-01   9.0679012e-02   5.9107578e-02
   2.0000000e+00   9.3052607e-01  -1.5169689e+00   1.0370232e+00  -1.4885537e-01   5.2308139e-02   2.0219990e+00
   2.0000000e+00  -5.8470980e-01   1.4082594e-01   6.8236313e-01  -6.7291260e-01   6.9831268e-01  -3.8043172e-01
   2.0000000e+00   1.0181206e+00  -2.2215725e-01   4.3165302e-01   2.0005588e-01   6.7791688e-01   2.8010302e+00
   1.0000000e+00  -5.9708565e-01  -1.5491648e-01   3.1793284e-02   8.4743890e-01  -4.2960520e-02   1.1025525e+00
   2.0000000e+00   2.5684806e-02  -2.1201428e-02   8.5866989e-01  -1.0871640e+00   7.6798373e-01  -3.7414349e-01
   2.0000000e+00   9.6820990e-01  -2.4716403e+00   6.3538026e-01  -1.3148881e+00   8.6181581e-01  -1.7684820e-01
   2.0000000e+00   3.6917099e-01   2.9733412e-01  -9.5729800e-01   6.3268263e-01   1.0982598e+00  -1.5392026e-01
   2.0000000e+00   1.3951696e+00  -8.1802669e-01  -9.2445360e-01  -8.2876513e-02  -4.0743023e-01  -1.0754823e-01
   2.0000000e+00   1.7311860e+00  -1.0341048e-01   7.6847011e-01  -1.2126278e+00  -6.6022725e-01   2.5176927e-01
   2.0000000e+00  -1.1866299e-01   7.7310893e-01  -3.3909330e-01  -8.8000994e-01   1.0533425e+00  -1.7285305e+00
   2.0000000e+00   5.2804491e-01   2.2540016e+00  -4.9083402e-01  -1.8833293e+00   7.2317451e-01  -7.8901288e-01
   2.0000000e+00  -6.8748668e-01   2.7664356e-01   1.2233402e+00  -2.0633464e-02   7.7482704e-01  -4.4201711e-01
   1.0000000e+00  -4.7874266e-01   7.7646305e-01  -2.3443773e-01   7.2113664e-01  -1.5817474e+00  -1.1333649e+00
   1.0000000e+00  -1.0430930e+00  -4.2928665e-01   2.7589055e-01   1.5373232e-01  -1.0558370e-01   9.8788824e-01
   1.0000000e+00   2.9380290e-01   1.5714730e+00   3.5231330e-02   2.5043911e-03   7.2368616e-01   4.0067610e-01
   2.0000000e+00  -2.5540259e-01   2.2044345e+00   7.9715611e-01  -2.0095945e+00  -1.6145701e-01  -2.4794673e-01
   2.0000000e+00  -1.9745457e-01  -5.0492526e-01   4.1620242e-01   2.4036170e+00   1.0096459e+00   1.4780876e+00
   2.0000000e+00   4.9371967e-01  -6.7495918e-01  -8.1161275e-01  -5.0132847e-01   2.8248958e-01  -3.9200376e-01
   1.0000000e+00  -2.6745132e+00  -3.4502180e-01  -3.9619568e-01   7.1432281e-02   7.1898616e-01   6.7137576e-01
   2.0000000e+00   1.0538823e+00   9.1131156e-01  -9.9583222e-01  -1.4245958e+00  -5.6305172e-01  -1.4769662e+00
   2.0000000e+00  -2.9723363e-02  -8.7831952e-01   1.3812420e+00  -2.3144827e+00   1.6963102e+00   1.3915851e+00
   2.0000000e+00   4.7947465e-01  -2.7936516e-01   9.7210824e-01   4.3425522e-01   1.9783226e-01   1.0143179e+00
   2.0000000e+00   6.6638432e-02   2.8644645e-01   1.1984495e+00  -2.7856144e+00   1.0554459e+00   3.3347669e-01
   2.0000000e+00   1.2172689e+00   1.8764133e-01   2.4334150e+00   5.2206364e-01   8.6353417e-01   1.1763816e+00
   2.0000000e+00   2.4676709e-01  -8.7897364e-01  -1.7962274e+00  -6.4365254e-01  -1.7128213e+00  -1.4193970e+00
   2.0000000e+00   4.1750553e-01   1.0209341e-01  -9.1172813e-01   8.1252327e-01   4.0116273e-04  -1.3267968e+00
   2.0000000e+00   5.9378770e-01   1.1234295e+00   5.9422511e-01  -1.2446268e-01  -1.3630207e+00  -4.0418764e-01
   2.0000000e+00  -1.0959213e+00  -7.3471243e-01  -6.7954764e-01   8.0482956e-01   1.2233870e+00  -3.4314102e-01
   2.0000000e+00  -4.8465304e-01  -2.5961352e-01  -4.6381485e-01   9.0877605e-01  -5.8398014e-01  -1.6940774e+00
   2.0000000e+00  -4.5127327e-01  -8.3001754e-01  -7.3646639e-02   2.5956553e+00   1.3057281e+00   3.4930376e-01
   2.0000000e+00   2.5126953e-01   8.0869611e-01  -1.1343606e+00  -4.1803440e-01   1.9446915e+00   5.0361499e-02
   2.0000000e+00  -5.4234894e-01   8.7917664e-01  -1.4148487e-01  -5.7235032e-01  -5.2072081e-01   1.7966862e+00
   2.0000000e+00  -1.0024258e+00  -5.0855571e-01   2.2830951e-01  -1.0908644e-01  -2.1775130e+00  -6.7742582e-01
   2.0000000e+00   6.1015063e-01  -8.2240631e-01   1.7326640e-01  -1.9300599e-01   7.6410216e-03  -4.8972748e-01
   1.0000000e+00   3.8551315e-01   1.1805177e+00   5.4004334e-01   5.0793873e-01   6.1001693e-01   4.7878932e-01
   2.0000000e+00   5.2101993e-01  -3.4586371e-01   4.4497725e-01  -4.4502370e-01  -4.8312524e-01   2.4956672e-01
   2.0000000e+00   2.4299597e-02   7.9900725e-01   2.9973826e-01  -4.9849432e-01  -8.2762426e-01   8.4155276e-01
   2.0000000e+00   3.6139628e-01   1.1804022e+00  -1.4710964e+00  -5.2847556e-01   3.0177856e-01   9.7510347e-01
   2.0000000e+00   3.4229870e-01   4.9469448e-01  -7.3294495e-01  -7.9426425e-01  -1.2967890e+00  -4.6256927e-01
   1.0000000e+00  -4.4722780e-01   1.5036762e+00   4.7940762e-01   6.1960460e-03   2.5523490e-01  -1.2275077e+00
   2.0000000e+00  -3.3879545e-01  -2.5663004e-01  -9.9213610e-01  -4.3552468e-01   1.1090302e-01  -1.2190105e+00
   2.0000000e+00   2.6886867e-01   1.8956121e+00   8.0067233e-01   5.9865628e-01  -4.0734865e-01   2.3411882e+00
   2.0000000e+00  -2.0115984e-01  -5.6848193e-01   4.5355668e-01   1.1755847e+00   3.8473275e-01   1.3621401e+00
   2.0000000e+00  -1.0201415e+00   6.5523614e-01  -2.8991317e-01  -1.4760679e+00   5.1536159e-01   1.6061288e+00
   2.0000000e+00  -8.6059811e-02  -6.8309583e-01   9.9723095e-01   1.2654343e+00   7.9305565e-01  -8.2120258e-01
   2.0000000e+00   5.8406399e-02   1.1721262e+00   1.4501232e-01   1.1282877e+00  -5.8098722e-01  -8.5077157e-01
   2.0000000e+00  -6.9305972e-01  -8.1850980e-01  -6.0402621e-01  -1.1501921e+00   1.7570647e+00   8.4936609e-01
   2.0000000e+00   4.3521646e-01  -1.7639482e+00  -8.8803228e-01  -2.7140725e-02  -4.9991908e-03   7.9840048e-01
   2.0000000e+00  -9.0237568e-01  -3.5754366e-01   1.1951677e+00  -2.6044941e-01  -2.4637722e-02  -6.0516043e-01
   2.0000000e+00   3.8522145e-01   7.0353744e-01  -1.2791662e+00   3.4339773e-01   6.4213646e-01   7.1216397e-01
   2.0000000e+00  -3.6383771e-02   1.1565764e+00  -1.6058673e+00  -3.5667026e-01  -1.4838632e+00  -2.1206232e-01
   2.0000000e+00  -4.8947931e-01   3.3185611e-02   4.6885061e-01  -6.7158545e-01  -3.6365955e-01   1.2322367e+00
   1.0000000e+00  -4.5936618e-01  -6.0334290e-01   6.6059962e-01   6.7109138e-01   3.5566347e-01  -4.5794551e-01
   2.0000000e+00   8.4549162e-03  -6.6573778e-01   1.7116230e-01  -4.4766627e-01   6.0202542e-01   1.1201364e+00
   2.0000000e+00  -2.1325140e+00   8.2507717e-01  -5.0741089e-01   1.5909407e+00   1.6037616e-01  -1.1145067e+00
   2.0000000e+00   1.0772367e-02  -1.5622834e-01   1.3269552e+00   7.2093612e-01  -1.9038152e+00  -1.8707178e+00
   1.0000000e+00  -9.1747364e-01   1.9828060e-01   6.8865007e-01   4.4004288e-01  -1.9727779e-01  -3.0841969e-01
   2.0000000e+00   1.0083029e-02  -1.1743446e-01   8.8788655e-02   1.3624692e+00   5.1538643e-01  -9.8961847e-01
   2.0000000e+00  -4.9150767e-01   2.5233362e-01   1.1564487e+00  -1.2851018e-01   9.4965636e-01  -2.6602135e-01
   2.0000000e+00  -7.2198380e-01  -6.6200091e-01  -7.6412638e-01   9.3320281e-01   2.6795569e+00   5.3381475e-03
   2.0000000e+00  -1.7143955e-01  -8.1664022e-01  -8.1439654e-01   7.1775148e-01   5.9223159e-01   5.8499093e-01
   1.0000000e+00  -2.4396482e-01  -6.9762040e-02  -9.1608324e-02   9.2476331e-01  -1.2213711e+00  -1.6103786e+00
   2.0000000e+00  -1.1425409e+00   3.6856468e-01   6.5256872e-02  -1.8390236e-01  -6.4548924e-01  -1.1207489e+00
   2.0000000e+00  -6.6723892e-01  -4.6678488e-01  -1.0825352e-01  -1.5589740e+00   7.7875952e-01  -1.7449264e+00
   2.0000000e+00  -4.4110710e-01   3.9601075e-01   1.4264069e+00  -2.7775613e+00   6.4357549e-01  -1.2758483e+00
   2.0000000e+00  -1.8819999e-01  -5.8966093e-01   3.6672892e-01  -1.4756030e+00  -7.4965866e-01  -1.5000625e+00
   2.0000000e+00  -6.1948485e-01  -2.9699812e-01  -5.9634027e-01  -9.8218229e-01   1.6694412e-01  -7.3012869e-01
   2.0000000e+00  -1.6251965e+00  -6.1009804e-01  -4.1563148e-01  -6.4296836e-01  -1.0823384e+00  -3.4492939e-01
   2.0000000e+00   1.1713320e+00   5.7866320e-02   5.1273866e-01  -3.8428750e-01   6.2217144e-02  -1.3103957e+00
   1.0000000e+00  -1.0290465e+00   7.5326647e-01  -8.0131355e-01   5.4852307e-01   1.5551839e+00  -1.6053563e-01
   2.0000000e+00  -3.4898347e-01   8.1832729e-01   1.3311962e+00   1.1677908e+00  -1.1238334e+00   1.6215901e+00
   2.0000000e+00   1.1897721e+00  -2.0328411e-01   3.5463784e-01  -3.2080874e-01  -8.6009695e-01  -7.5093776e-01
   2.0000000e+00  -5.6387473e-01  -4.1680967e-01  -4.1419370e-01  -5.8617280e-01   1.4151462e+00  -3.4535867e-02
   2.0000000e+00  -9.3342639e-02  -5.5759432e-01  -1.1797356e-02   1.2621394e+00  -3.5870407e-01  -2.9708598e+00
   2.0000000e+00  -2.3558650e-01  -1.8016845e+00  -8.5775829e-01  -1.0385129e+00  -1.4352567e+00  -6.5044304e-01
   2.0000000e+00  -9.3912150e-01  -3.4452686e-01   6.4335969e-01  -1.8240477e-02  -1.3353681e-01  -1.3415152e+00
   2.0000000e+00  -9.0569253e-01  -1.5614119e-01  -6.0783286e-01  -3.7071757e-01  -1.0681530e+00  -6.4673246e-01
   2.0000000e+00  -1.8400760e+00   5.0144771e-01   2.0119541e-01   1.8135017e+00   1.1336060e+00  -5.7193115e-01
   2.0000000e+00  -3.7655594e-02   2.2245791e+00  -3.3551194e-01   1.1585633e+00   8.4277801e-01   1.1913691e+00
   1.0000000e+00  -2.3816670e-01  -5.9644262e-01   3.2896944e-01   5.6188839e-02   1.5889399e-01  -1.6883775e-01
   2.0000000e+00  -1.3392769e+00   1.3327713e-01   1.2504251e+00  -3.8204141e-01   2.8086801e-01   5.0511673e-01
   2.0000000e+00   1.6775636e-01   7.9885281e-01  -1.5198356e+00   8.7838247e-01   1.7411954e+00  -4.8723474e-01
   2.0000000e+00   1.9975244e+00   2.2677417e-01   7.4498682e-01  -6.7231627e-01   1.1214027e+00   1.2696744e+00
   1.0000000e+00   3.6379559e-01   3.6499669e-01   6.0216241e-02   4.8284433e-03  -4.7729732e-01  -8.8902443e-01
   2.0000000e+00  -4.0682448e-01   6.3722092e-01   9.6336821e-01  -6.7564955e-01  -9.1319538e-01  -1.5494937e+00
   2.0000000e+00   1.0981812e+00  -1.2471929e+00   3.5220615e-01  -1.0068110e+00   1.2626833e+00  -1.6535670e+00
   2.0000000e+00   1.1867950e+00  -1.6271538e+00  -3.5927190e-01  -5.8345563e-01   1.2173138e+00  -9.9169029e-01
   2.0000000e+00   3.5562424e-01   1.0865177e+00   1.7741014e-02   1.2725734e+00   1.7104257e-01  -3.1027552e-02
   2.0000000e+00  -1.7528230e+00   5.2720252e-01  -7.8033638e-01   8.1694608e-01   1.7551571e-01  -1.3925086e+00
   2.0000000e+00   1.6418561e-01  -1.6419284e-02  -1.4856564e+00  -1.6809432e-01   9.3926220e-01   2.1955847e+00
   2.0000000e+00   3.0435798e-01  -3.0549430e-02  -9.7095593e-01  -3.6810183e-01  -3.1033868e-01  -2.6051648e-01
   1.0000000e+00  -1.8372415e-01  -5.5416417e-01  -4.5462691e-01   5.8879906e-01   1.3621165e+00  -8.4037151e-01
   2.0000000e+00   1.3683251e+00   2.1114880e+00  -1.5241895e+00  -5.0193339e-01  -7.2944019e-02  -3.7194588e-01
   2.0000000e+00  -4.4717341e-01   3.6016636e-01   2.5397695e+00   1.7786458e+00   1.1356433e+00  -1.0136041e+00
   2.0000000e+00  -1.7935412e+00   1.0258998e+00   6.0862323e-01  -1.3579464e+00   1.7276472e-02  -3.8514609e-01
   2.0000000e+00   1.4100813e+00  -1.7275839e+00  -4.3600705e-01  -1.7666104e+00   6.6519095e-01  -3.5727255e-01
   2.0000000e+00   2.2676441e-02   3.0226366e-01   7.3207574e-01   7.7212412e-01  -6.4182784e-01   9.6322917e-01
   1.0000000e+00  -1.0844011e-01  -6.9208586e-01  -9.5143837e-02   9.0496074e-02   7.2562452e-01   6.8823642e-01
   2.0000000e+00   3.5227278e-01  -2.4348494e-01   7.3476123e-01   1.0275364e+00  -5.5005330e-01  -7.2999440e-01
   2.0000000e+00  -6.1415791e-01   9.7411594e-01   1.1772071e+00   5.1420570e-01  -3.9574191e-01  -1.5295173e+00
   2.0000000e+00   1.4407339e+00   4.2761523e-02   4.5784048e-01   1.7627237e+00  -6.7253883e-01   6.5086464e-01
   2.0000000e+00  -1.1793026e+00   8.1526267e-01  -1.3776209e+00   1.6467573e-01  -1.2875780e+00  -9.4173120e-01
   2.0000000e+00   3.7070532e-02  -5.4212024e-01  -6.9328720e-01  -8.2642640e-01   8.3725700e-01  -4.2415713e-01
   2.0000000e+00  -2.1011387e+00   2.3014176e+00   4.0358519e-01   1.1257734e+00   1.1103374e+00  -7.2120314e-01
   2.0000000e+00  -1.2912596e+00   7.1457361e-01  -2.1857297e+00   7.8486636e-02   2.1907161e+00  -9.9733524e-02
   2.0000000e+00  -7.0836801e-01  -6.8752389e-01   1.7239692e+00  -1.5721613e+00  -1.1995485e+00  -1.5551233e+00
   1.0000000e+00   5.1163888e-02  -1.2955490e+00  -4.4853840e-01   2.1120605e-01   2.5357855e-01  -4.3421281e-01
   2.0000000e+00  -3.4707025e-01  -1.6123119e+00  -2.4428298e-01   1.2825279e+00   3.8915422e-01  -2.3729852e-01
   2.0000000e+00  -4.6105296e-01   5.5461605e-01   1.5309445e+00   1.1813574e+00   1.5253828e+00  -2.2896088e+00
   2.0000000e+00  -8.2547970e-01  -2.3592119e+00  -8.6977293e-01   7.0257121e-01  -1.1560060e+00   2.0563347e+00
   1.0000000e+00   3.2482889e+00  -7.4756674e-01   4.8129645e-01   9.0284689e-02   1.2605070e+00  -1.2218277e+00
   1.0000000e+00  -9.7136280e-01   5.1564108e-01  -6.5633665e-01   3.7436532e-01  -2.0499626e+00  -1.3880064e-01
   2.0000000e+00   1.8528124e+00   1.3050261e-01  -8.7214534e-01  -1.3891244e+00   5.9658281e-01  -1.1350483e+00
   2.0000000e+00  -1.8234031e+00   1.1109848e-01   9.7486358e-01  -5.4479259e-02   9.4552900e-01  -1.2760575e+00
   1.0000000e+00   1.2504261e+00   7.5934859e-01   6.7745865e-01   3.0125817e-01  -1.8214628e-01   1.3095678e+00
   2.0000000e+00  -1.8844085e+00  -3.6839334e-01   2.9246760e-01   1.1360231e+00  -3.8204437e-02  -2.5443083e-02
   2.0000000e+00  -2.5306015e-01   7.8482647e-01  -7.7271240e-01  -8.4204029e-02   1.4154078e+00  -1.7720754e-01
   1.0000000e+00  -9.3220121e-01   7.7266946e-02   6.7287334e-01   2.2611581e-02   1.2420195e+00  -1.0929570e-01
   2.0000000e+00   1.4152352e+00   3.1445071e-01   4.0436071e-01  -5.1365898e-01  -1.6175056e+00  -1.6166181e-02
   2.0000000e+00  -1.9689993e+00   5.4140579e-01  -8.9932900e-01   5.9018909e-01  -4.3434384e-01  -1.8400553e+00
   2.0000000e+00  -3.7176442e-01   7.2103440e-01  -1.1131473e+00   1.6326777e-02   1.9419588e-04  -8.6449283e-01
   2.0000000e+00  -1.3795355e+00  -1.6441156e+00   1.1181112e+00   1.4189518e+00  -1.7139842e+00  -1.1510373e+00
   2.0000000e+00   4.7185583e-01  -9.0751022e-01  -2.6404984e-01   1.8456531e+00   3.5351758e-01  -8.4532588e-02
   1.0000000e+00   5.3549073e-01   6.9739287e-01   1.1368871e-01   3.2636598e-02  -1.4758622e+00  -7.2624048e-01
   2.0000000e+00  -1.0046368e+00   5.9688446e-01  -8.2606380e-02  -1.1905163e+00  -5.3802208e-01   6.4534133e-01
   2.0000000e+00  -3.0893363e-01  -9.9338512e-01  -5.3372598e-02  -8.6179680e-01  -5.6759679e-01   3.6167447e-01
   2.0000000e+00   3.1714341e-01   7.5104338e-01  -6.6162903e-01  -5.8233442e-01   3.2670928e-02  -2.3610438e-01
   1.0000000e+00  -8.3054283e-01   1.5644189e-01   8.3161481e-01   1.0682494e-01  -1.3472923e+00  -2.4034268e-01
   1.0000000e+00  -3.6957433e-02  -1.4658302e+00  -2.4392764e-01   3.1838107e-02   3.2501983e-01   9.7520309e-01
   2.0000000e+00   5.4883392e-01   1.5432430e+00   1.1252488e+00   6.0713698e-01  -2.8170219e-01   4.3544331e-01
   2.0000000e+00   1.0981753e-01  -1.4784580e-01   1.3481047e+00   1.3030965e+00   1.5637040e+00  -1.0778173e+00
   2.0000000e+00  -4.0539102e-01   2.6620371e-01  -1.5700405e+00   1.5152645e-01  -5.5703479e-03  -1.4873156e-02
   2.0000000e+00  -9.0259435e-01  -3.3809861e-01  -4.6756186e-01  -3.1452990e-02  -7.8910608e-01  -1.7397274e+00
   2.0000000e+00   6.0804722e-01   9.8142489e-01  -8.3333626e-01  -1.9807518e+00   2.8188656e-01  -8.6692221e-01
   1.0000000e+00  -2.4903687e-01   1.0769509e+00  -7.2496003e-01   1.9119672e-01  -1.5586467e+00   8.2614561e-01
   2.0000000e+00   9.9561566e-01  -2.6396718e-01  -1.5470423e-01  -2.3467254e-01   1.6950830e-01  -1.6347401e+00
   2.0000000e+00  -1.0313425e+00   5.8288920e-01  -1.0305327e+00   1.8184336e+00  -5.4830308e-01  -1.5186735e+00
   1.0000000e+00  -1.4197379e+00   1.3200984e+00  -2.6196922e-01   8.5380459e-01  -2.1594953e-01   2.4907969e-01
   2.0000000e+00  -1.3372521e+00  -3.3815551e-01   6.4290955e-01   1.3483889e+00  -6.1886849e-01  -6.3890047e-01
   2.0000000e+00  -3.0058330e-01  -6.4773198e-01   3.4793516e+00  -1.3538771e+00  -1.0828224e+00   1.0580311e+00
   2.0000000e+00   2.8662823e-02   1.7233489e+00   3.2150813e-01  -7.4547199e-01  -1.2315773e+00  -1.9998051e+00
   2.0000000e+00   4.2542875e-01   8.0891443e-01  -1.1595888e+00   7.8457178e-01  -4.2743850e-01  -1.6748182e+00
   2.0000000e+00  -7.9927445e-01   1.8580532e+00  -1.0480351e+00   1.5220912e-01  -4.3426494e-01  -1.4002975e+00
   1.0000000e+00  -9.0130996e-01  -5.2663902e-01  -1.3955681e-01   2.2106036e-01  -1.4569177e+00   6.0483717e-01
   2.0000000e+00  -2.9687570e+00  -2.6973289e-01   6.3026523e-01  -1.0877215e+00  -6.9961589e-01   8.3181689e-02
   2.0000000e+00   9.2470760e-01   5.0336092e-01  -4.3622115e-01  -1.0412958e-01  -2.1464477e+00  -9.4704165e-01
   2.0000000e+00  -1.8010720e+00   1.5402224e-02   1.7343836e-01   1.2303224e+00   2.3346420e-02   6.8091883e-01
   2.0000000e+00  -2.3577386e-01   1.1975965e-01   3.9777548e-01  -6.4342095e-01  -1.5449017e-01   5.1109920e-01
   2.0000000e+00   1.1453403e+00  -1.1610664e+00  -1.9565862e+00  -6.0600782e-01   5.0373344e-02  -1.2152547e+00
   1.0000000e+00  -5.0436686e-01   3.9470518e-02  -3.2489514e-01   4.0805616e-01   3.4676568e-01   1.5538429e-01
   2.0000000e+00   8.9297019e-01   1.1714172e+00  -1.5198320e+00  -1.0911042e+00   8.5330083e-01  -7.8848885e-01
   1.0000000e+00   1.1764153e+00  -8.6006674e-01  -7.1910577e-02   9.6987862e-01   7.9692833e-01  -7.8841054e-01
   2.0000000e+00  -1.7452399e-02   4.6268577e-01  -1.1668908e+00   9.2971131e-01   5.0833237e-01   8.3342603e-01
   2.0000000e+00  -1.2220597e+00  -6.1075012e-01   8.1913027e-02  -9.3292591e-01  -1.0234783e-01   9.7599762e-02
   2.0000000e+00   1.4773354e+00   8.8747649e-01  -1.6557891e+00  -9.1126963e-02  -1.0697440e+00   1.0546361e-01
   2.0000000e+00  -1.2260148e-01  -2.3391970e-01  -1.8340913e-01  -1.0687207e+00   1.3743076e-01   7.4316529e-02
   2.0000000e+00   3.8620578e-01   3.9022974e-01  -5.8031442e-01  -4.0949285e-01  -4.2365630e-01  -1.2365472e+00
   1.0000000e+00   1.1295261e+00   2.1186853e+00   2.0039160e-01   9.3344192e-01  -1.1853100e+00   8.2249178e-01
   2.0000000e+00   9.5473476e-02  -2.2763718e+00   1.8260033e+00   4.7528135e-01   3.7418144e-01  -7.5065249e-01
   1.0000000e+00  -1.8504184e+00  -3.3003891e-01  -7.7413463e-01   4.4685874e-01  -5.0341613e-01   4.3340147e-01
   2.0000000e+00  -1.7585926e-01  -3.7822259e-01   6.8169520e-02  -1.5096248e+00   9.9736380e-01   1.4940725e+00
   2.0000000e+00   2.2323666e+00   1.0298750e+00   2.5040735e+00  -1.1044156e-01  -5.9201514e-01  -1.5438654e-01
   1.0000000e+00  -1.1434267e+00   1.3687744e+00  -5.6996372e-01   7.9381337e-01   1.0120143e+00   6.7955965e-01
   2.0000000e+00  -5.2930966e-01  -7.7964701e-01   2.2800776e-01  -1.8883574e-01  -1.3106710e-01  -1.1537366e-02
   2.0000000e+00  -5.8026637e-02  -1.9917116e+00  -1.6405917e+00  -6.0278667e-01   1.2382353e+00   5.3903564e-01
   1.0000000e+00   2.6316743e-01   7.2294339e-01   3.6333323e-02   8.0928422e-01   2.8945762e-01   3.9108692e-01
   2.0000000e+00  -1.8959912e+00   5.3556491e-01  -3.1210072e-04  -5.2764163e-01  -1.3282780e-01  -1.2251779e-01
   2.0000000e+00  -1.3816850e+00   5.8538027e-01  -2.9462785e-01  -1.6567902e+00   1.5122705e+00   4.8371206e-01
   2.0000000e+00  -6.7798211e-01   5.4678202e-01   1.4156488e+00  -5.6702110e-02  -3.7114486e-02  -1.3309781e+00
   2.0000000e+00  -5.9292265e-01   4.7966293e-01  -2.1266121e-01  -1.1164036e-01  -4.3579628e-01   1.3501770e+00
   2.0000000e+00   1.5461290e-01  -2.6810753e-01   1.4648417e-01  -3.4500086e-02   6.0512245e-02   2.9212912e-01
   1.0000000e+00   2.3739836e+00   7.8945115e-02   8.6814315e-01   7.7503991e-02  -1.8243235e+00  -7.6883071e-01
   2.0000000e+00   4.1300710e-01  -5.3437922e-01  -1.2353093e+00   2.4497684e-01   2.0560877e+00   3.5520309e-01
   2.0000000e+00  -2.3337716e-01  -7.0030098e-01  -4.2084806e-01  -1.0468367e+00  -8.9310550e-01   6.0528090e-01
   2.0000000e+00   6.2230341e-01  -1.4732594e+00   9.2526565e-01  -1.3793609e+00   1.0879878e+00   9.3660642e-01
   2.0000000e+00  -1.2396280e+00   3.7278975e-01   1.6294570e+00  -2.7833425e-01   1.9297158e+00   1.9238645e+00
   1.0000000e+00   1.7639467e+00  -1.9644956e+00   8.5591034e-01   2.3014941e-01   5.3029450e-01  -1.2039555e+00
   2.0000000e+00  -4.8856869e-01  -1.1228145e+00  -1.3012562e+00  -1.6853353e+00   4.9769584e-01   1.0236103e+00
   2.0000000e+00  -1.4510364e+00   4.5653563e-01  -4.1511751e-04   1.5092735e+00   2.9769413e-01  -4.0623686e-01
   2.0000000e+00  -3.2583199e-01   8.2437971e-01   1.3588261e+00  -5.4184566e-01  -8.1413355e-01  -2.8666343e-01
   1.0000000e+00   2.1567342e+00   3.0883826e-01   2.1780913e-01   6.3448487e-02  -4.6413398e-01   3.2704307e-01
   1.0000000e+00  -5.1676546e-02  -7.5267033e-02  -7.3086448e-01   2.8273140e-01  -1.1305714e+00  -3.3132487e-01
   2.0000000e+00  -9.6137239e-01   1.2929617e+00   5.9204689e-01  -3.7772539e-01  -1.3403580e+00  -6.2522483e-01
   2.0000000e+00  -1.7054794e+00  -7.1544090e-01   6.3671998e-01  -1.5912013e+00   1.2285696e+00  -1.4950799e+00
   1.0000000e+00  -1.9843035e-02  -7.4325094e-01  -2.2784218e-01   2.7730848e-01   6.2036930e-01  -1.5991821e-01
   1.0000000e+00  -6.0028009e-01   3.7798148e-01   5.8224443e-02   5.0912974e-01   3.7767482e-01   1.0127715e+00
   1.0000000e+00   1.4001448e+00  -1.2234383e-01  -1.6507513e-01   5.8129960e-01  -4.3410941e-01   8.3552766e-01
   2.0000000e+00   1.3064234e+00   8.0042171e-01   2.7442454e-01  -6.8386443e-01  -7.3828914e-01  -1.4499168e-01
   1.0000000e+00   6.2309650e-01   6.3273353e-01   9.1286263e-01   5.2297802e-02   6.8980880e-01  -1.0270800e-01
   2.0000000e+00  -3.2244703e-01  -2.3711421e+00  -2.1955705e+00  -3.4383307e-02  -2.1419714e+00   4.5021013e-01
   2.0000000e+00  -3.2904255e-02  -1.1495466e+00   1.7293353e+00   5.1767382e-01  -2.4901230e+00   1.5417927e-01
   1.0000000e+00   5.4897027e-01   7.4153920e-02  -2.1372763e-01   3.2189316e-01   1.3386786e+00   6.2850072e-01
   2.0000000e+00   2.8215105e-02   2.1672773e-01  -5.2454232e-01   1.7977352e+00   2.7695891e-01   2.4028974e-01
   1.0000000e+00  -6.0651230e-01  -1.5940399e+00  -4.7004573e-01   4.7061853e-01   1.1627805e+00   1.1906172e-02
   2.0000000e+00   1.7367184e-01   2.1352556e-01  -2.5399518e-01  -2.8302587e+00  -3.1069342e-01  -1.0006205e+00
   2.0000000e+00   1.3655157e+00  -1.6781446e+00  -1.1911056e+00  -2.1207213e-01  -5.9059410e-01  -8.5899138e-01
   2.0000000e+00   1.5357536e+00   2.2227998e-01   2.8863830e-01  -1.2660968e+00   1.1627871e+00   4.1733338e-01
   2.0000000e+00   2.7449077e-01   6.0724255e-01   1.9238075e+00   1.2905422e+00   6.5550189e-01   1.3402202e+00
   2.0000000e+00   1.3455377e+00   1.2036670e+00  -1.7118900e+00   4.3657085e-01  -2.7799158e-01  -6.6755466e-01
   2.0000000e+00  -1.9447687e+00  -2.9379207e+00   2.2334347e-01   1.4821898e+00   7.7471396e-01   1.0958706e+00
   2.0000000e+00   4.5530780e-01   7.0974541e-01   1.5784389e+00  -8.3681544e-01   2.3377881e-01   2.2877903e+00
   2.0000000e+00  -3.5167721e-02   4.3388594e-01   1.1115832e+00  -1.8249785e-01   6.2438840e-01   1.1254933e+00
   2.0000000e+00   2.9195788e-01   6.4933043e-01   5.1342227e-01   9.3764882e-01   1.6279663e+00   4.1871956e-01
   1.0000000e+00  -2.2697687e-01   2.6062007e-01   1.0886324e-01   6.0703619e-01  -9.5171814e-01   8.3198283e-01
   2.0000000e+00   8.4683195e-01   1.4388192e-01  -4.7932297e-01   1.8197909e+00  -9.5538100e-01  -6.6160540e-01
   2.0000000e+00  -1.2817058e+00  -1.2913656e+00   7.7152830e-01   2.1116942e+00   8.6426952e-01   2.1946291e+00
   2.0000000e+00   1.8114001e+00   7.2136003e-01   1.7221253e+00  -6.4229916e-01  -2.0029866e-01  -9.1081947e-01
   2.0000000e+00   6.5672261e-01  -9.4121691e-01   1.0514286e+00   2.9304045e-01  -1.3741583e+00   1.0783117e+00
   2.0000000e+00  -7.1988090e-01  -2.1399555e-01  -8.2312975e-01  -2.8623617e-01   6.3624503e-02   4.5956887e-01
   2.0000000e+00  -1.1160853e+00   1.0266621e+00   1.1643313e+00   1.8755578e+00  -1.3883127e+00   7.9524794e-01
   2.0000000e+00  -1.3958413e+00  -1.0140099e+00  -1.3622064e-02  -1.9713577e-01   6.8349575e-01  -9.6738750e-01
   2.0000000e+00  -1.3340212e-01  -8.0912238e-01   6.8134966e-01  -1.5984313e+00  -1.7545350e+00   8.6358210e-01
   2.0000000e+00   4.5919274e-01  -1.7594557e+00   8.2477674e-02   1.6525538e+00  -1.2371093e+00  -5.3266531e-01
   2.0000000e+00   6.6005826e-01  -1.4808770e+00   3.1928674e-01   1.3232990e+00  -6.5951304e-02   7.2893770e-01
   1.0000000e+00  -9.2046809e-01  -8.4518791e-01   2.1998104e-01   5.3728243e-01   1.4535705e+00   4.8661936e-01
   2.0000000e+00  -2.7483612e-01   1.2028422e+00   6.7955510e-01   7.6451869e-01  -1.9618492e-01  -4.5372863e-01
   2.0000000e+00  -1.1413150e+00   2.4674752e+00  -4.1590714e-01  -5.1475696e-01  -1.8838203e+00  -5.8174329e-01
   2.0000000e+00   5.1054143e-01   7.4824668e-02  -9.6538483e-01   1.0487848e+00  -1.1760073e+00  -6.8700955e-01
   2.0000000e+00   6.1166306e-01  -3.2572857e-01  -5.1178827e-01  -8.0402820e-01  -7.1829721e-01  -9.8598160e-02
   1.0000000e+00  -6.0600056e-01   4.7359311e-01   1.4913180e-01   1.3592946e-01  -1.0063493e+00  -7.2811548e-01
   2.0000000e+00  -6.2256840e-01   9.0704578e-01  -1.2193431e+00   6.9578942e-01  -8.6503979e-01  -3.6827257e-01
   2.0000000e+00  -1.8285719e+00  -1.2752892e+00  -4.5056458e-01  -7.1939720e-01   5.8252536e-01   8.1357697e-01
   1.0000000e+00  -3.6374381e-01   1.3558028e+00   3.6071644e-01   8.7633157e-01   2.1680070e-02  -4.8899328e-01
   2.0000000e+00   4.2458681e-01  -1.1304366e+00  -1.3993407e-01  -4.7468743e-02   4.7832422e-01  -5.2488498e-01
   2.0000000e+00  -1.2025533e-01   6.8097873e-01   1.8587285e+00   1.0396991e+00  -8.1907293e-01   8.5263423e-01
   2.0000000e+00  -1.3291615e+00  -1.5134420e+00   7.1396172e-01   1.1573808e+00  -1.4232662e+00   2.6090506e+00
   2.0000000e+00   4.1691959e-01   4.2235834e-01   1.1457900e+00   3.4397539e-01   5.8169574e-01   9.9437436e-02
   2.0000000e+00   4.7541065e-02   1.3837698e+00   7.7865216e-01  -3.0690662e-01  -4.8799660e-02   2.0468624e+00
   2.0000000e+00   1.1338778e+00  -8.7730618e-01  -1.1474775e+00   1.3039748e+00   8.2764168e-01   8.1436307e-01
   2.0000000e+00  -2.7819582e-02   4.9403157e-01  -7.0705223e-01  -4.3162133e-01  -1.2074762e+00   2.7173204e-01
   2.0000000e+00  -3.2904335e-01  -9.9846089e-02   1.2552546e+00   9.7081769e-02   4.9166039e-01  -1.7229681e+00
   2.0000000e+00  -1.6638590e+00   1.7496610e+00   1.1751501e+00  -2.2508166e-01  -1.0414186e+00  -9.5516914e-02
   2.0000000e+00  -8.0401841e-01  -1.7286660e-01  -1.5570893e+00   1.7080296e+00   6.8205710e-01  -1.6338343e-01
   2.0000000e+00   7.4688072e-02   5.4143144e-01   8.8926882e-01   1.1659947e+00   1.7931689e+00  -5.8412567e-01
   2.0000000e+00  -1.1927237e+00   9.3549710e-01  -2.2712819e+00   2.7464468e-01   2.4356455e-01   9.3967255e-02
   2.0000000e+00   5.8208141e-01   2.1150544e+00  -6.6183475e-01  -1.1588933e+00   1.1365964e+00  -1.1025183e+00
   1.0000000e+00   9.5618469e-01  -5.2577329e-01   4.5997200e-01   8.2357279e-01   1.6516061e+00   1.3358286e+00
   2.0000000e+00   1.2895518e+00   8.9418265e-01  -2.0900510e+00  -6.9432862e-02   1.0051328e+00  -2.8622694e+00
   1.0000000e+00  -2.5627949e+00  -4.9849147e-01   3.5974524e-01   4.8117908e-01  -1.2991305e+00   7.9131983e-01
   2.0000000e+00  -2.5954638e-02   1.1348500e+00  -1.6865102e+00  -6.5721698e-01  -4.8786510e-01   4.0651472e-01
   2.0000000e+00  -6.5199564e-01   2.7691349e-01   1.3754780e-01  -6.2502890e-01  -8.6244407e-01   1.3341568e-01
   2.0000000e+00  -6.8028933e-01   1.5228924e+00  -1.5602463e+00   7.2466966e-01  -3.2294041e-01   7.9496586e-01
   2.0000000e+00   1.4268769e+00   6.8652204e-01  -9.1211233e-01   1.3181257e+00   5.7194193e-01  -9.9218615e-01
   2.0000000e+00   2.3098560e+00   2.9552018e-01   4.0822080e-01  -3.0748378e-01   5.4309864e-01   3.7508818e-01
   2.0000000e+00   2.3339266e+00  -1.2159704e+00   6.3851174e-01   1.2840975e+00   3.0337946e-01  -1.0834917e+00
   2.0000000e+00  -8.8656357e-01   2.0378206e+00  -1.1148395e+00   1.2750167e+00   4.2208105e-01  -2.4160930e+00
   2.0000000e+00  -1.5566829e+00  -1.9291383e+00  -2.4621760e-01  -2.4078960e-01   2.1731965e-01  -7.9775527e-03
   2.0000000e+00  -8.2542267e-02   3.6226549e-01  -4.3948448e-01   9.0739028e-01  -1.8541123e+00  -2.2872023e-01
   2.0000000e+00   1.2185328e+00   1.2930096e+00   3.5696703e-01   1.2199912e+00   2.4321847e-01   4.6002436e-02
   2.0000000e+00  -4.5198773e-01  -9.5658670e-01  -2.0277247e+00  -2.8237841e-02  -1.0036311e-01  -1.1932636e-01
   2.0000000e+00   1.0306926e-01   1.7595585e+00   3.1683667e-01   2.1023040e+00  -1.5068959e+00  -2.5330594e-01
   2.0000000e+00   8.8460502e-01   8.1078112e-01   4.4601243e-01  -1.8216728e-01   6.9887301e-01   3.9150122e-01
   2.0000000e+00   8.2777206e-01   3.6670256e-01   1.5191051e+00   1.4600259e+00   2.3518038e+00   8.1939144e-01
   2.0000000e+00  -1.0963163e+00   1.9283017e+00   9.6284314e-01  -2.0974173e+00  -2.6448930e-01  -2.3239299e-02
   2.0000000e+00   6.4212002e-01   6.6208007e-01   1.0355424e+00  -3.4524653e-01  -1.6111548e+00  -2.8168451e-01
   2.0000000e+00   1.8886858e+00  -1.7602021e+00   4.5066289e-01  -4.1644230e-01  -9.5132297e-01   1.3547438e+00
   2.0000000e+00   2.4006779e-01   1.2423696e+00  -5.0284435e-01  -4.1374067e-01  -1.6009622e+00  -1.7171152e+00
   1.0000000e+00  -8.1193884e-01  -4.1153880e-01  -3.6901829e-01   4.6693106e-01   8.3550695e-01   1.2709498e+00
   2.0000000e+00   1.1923267e+00  -3.5282494e-01  -1.2441209e-01  -2.4165768e+00  -1.6744588e+00  -9.7786833e-01
   2.0000000e+00  -2.9364470e-03  -7.8049526e-01   1.3735906e+00   4.8866689e-01   7.6441712e-02   2.6826152e-01
   2.0000000e+00   1.3993536e-02   1.9687155e+00  -2.4701558e+00  -2.1007990e-01   7.3785365e-01   1.7178417e-01
   2.0000000e+00   1.6537820e+00  -6.2686682e-01   1.3801127e-01   1.2162805e+00   5.6516984e-01   1.0135061e-01
   2.0000000e+00   6.1441327e-01   3.3252517e-01   1.8110797e-01  -2.0623331e+00   7.6931745e-01  -2.2206507e+00
   1.0000000e+00   9.1373368e-01   1.5059123e+00   3.8954212e-02   7.2241248e-01  -2.3782929e+00   5.6007785e-01
   2.0000000e+00  -1.0614804e-01  -1.8383146e+00  -1.8892103e-01  -1.9948293e-01  -6.1023596e-01  -1.0617947e-01
   2.0000000e+00  -2.1678794e+00  -1.9499343e+00  -2.2347380e+00   1.0563559e-01   4.4387398e-02  -9.2637120e-01
   2.0000000e+00   3.8330553e-01  -3.0014084e-01  -1.6222360e+00  -1.9893161e-02  -7.5340377e-02  -6.1838289e-01
   2.0000000e+00  -8.9478468e-01  -2.4289694e+00   1.4301622e+00   3.5008938e-01   1.8024372e+00   9.6764441e-01
   2.0000000e+00  -8.0702007e-02  -9.9930782e-01   1.7112429e+00   1.5409649e+00  -1.2650982e-02  -9.8120265e-01
   2.0000000e+00  -8.2775045e-01  -3.8890111e-01  -1.1250508e+00  -1.1213927e+00  -5.5191488e-01  -1.8166768e+00
   2.0000000e+00  -2.4171423e+00  -6.9490571e-01  -1.3352203e+00   4.9115031e-01   2.5165940e+00   1.3566237e+00
   2.0000000e+00  -7.7342384e-01   5.9168226e-01  -1.1320674e+00   1.8448533e+00  -5.1177669e-01  -1.0503863e-02
   2.0000000e+00   1.3471146e+00   7.7652390e-01  -1.4819115e-01  -9.1107889e-01  -1.4083850e+00   1.3857889e+00
   2.0000000e+00  -1.4326366e+00  -8.6137034e-02  -4.8165072e-01  -1.0341288e+00  -4.4251493e-01  -2.1450457e-01
   2.0000000e+00   9.5693540e-02  -2.9087669e-01   4.7628168e-01  -1.2979923e+00   4.0248737e-01  -2.0516103e+00
   2.0000000e+00   1.4904841e+00  -2.2322526e+00  -1.0668301e+00   6.7538015e-01   8.5569064e-02  -8.5388748e-01
   1.0000000e+00  -1.0214790e-01  -6.7815113e-01  -4.6087730e-01   2.1041211e-01   9.6378544e-02   4.8723190e-01
   1.0000000e+00  -4.4300275e-02   2.1485681e+00  -1.7912555e-01   5.5342096e-01   1.7296555e-01   8.5578837e-01
   2.0000000e+00  -5.6715259e-01   6.4965828e-01   1.0906980e+00  -1.1331449e+00  -1.9180406e+00  -2.1015115e+00
   2.0000000e+00   5.0741037e-01  -3.3322714e-01   7.4941326e-01   1.2567940e+00   6.3394504e-01  -9.1852122e-03
   2.0000000e+00  -1.7885705e-01  -6.8479445e-01   1.8560727e-01  -5.5445766e-01   5.8957744e-01   2.3834705e+00
   2.0000000e+00   5.9205411e-01  -1.8703672e-01   1.5405647e+00   8.6311605e-01   6.0947334e-01  -1.0108672e+00
   2.0000000e+00   8.5124898e-01   1.3822439e+00   4.1155794e-01   1.0590782e+00  -1.2066402e+00   8.3539707e-01
   2.0000000e+00  -9.7573131e-01   4.1214278e-01  -9.1866523e-01  -4.0355880e-01   1.2630597e+00   8.7086809e-01
   2.0000000e+00  -5.3518104e-01  -6.5624346e-01   1.3248104e+00  -2.8540328e-01  -1.1263106e+00   8.0783903e-01
   2.0000000e+00   8.0820790e-01  -1.5156630e+00   1.1858397e-01  -1.4200017e+00   4.3668783e-01   2.0573126e+00
   2.0000000e+00   7.3082112e-01   7.1462063e-01  -1.0636551e+00   1.1823481e+00  -7.2552646e-01  -1.1573575e+00
   1.0000000e+00   1.6150840e+00  -2.3346689e+00  -1.2391192e-01   6.7556936e-01  -2.7280383e-01   4.3069844e-01
   1.0000000e+00  -8.4514670e-01  -1.4276244e+00   5.9020773e-02   6.9380772e-01  -2.5572501e-01   4.5232635e-01
   1.0000000e+00   1.9473606e+00   2.3557689e-01  -7.4471588e-01   2.9084500e-01  -2.4957562e+00   6.4481652e-02
   2.0000000e+00   1.0228510e-01  -6.9138025e-01   1.5615058e+00   4.0149624e-01  -4.0852571e-01  -1.4588584e-02
   2.0000000e+00   1.0725831e-01  -1.1054507e+00  -1.6856104e+00   1.1494189e+00  -3.0614874e-01   1.1827222e+00
   1.0000000e+00   2.3135931e-01   1.1066213e+00   3.4886370e-01   1.7252273e-01   6.0117774e-01   3.3953841e-01
   2.0000000e+00   1.8644240e+00  -5.1324696e-01   8.5719772e-01  -1.8350840e+00   2.5084987e-02   3.8030277e-01
   2.0000000e+00  -7.3658874e-01   7.6449728e-01   4.2207648e-01  -2.7768153e-01   3.0559164e-01  -1.5305006e+00
   2.0000000e+00   8.4325273e-01  -3.7238149e-01   2.7733546e-01  -6.1090795e-01   3.7096997e-01   1.6429730e-01
   2.0000000e+00   2.4585464e-01  -1.9439223e-01   1.2416840e-01  -8.6212177e-02  -1.6741177e+00   3.7577821e-01
   2.0000000e+00  -1.3875222e+00  -9.8736297e-01  -1.1041847e+00  -1.2980810e+00   1.6085498e-01   4.8077443e-01
   2.0000000e+00  -7.7725995e-01   2.0156586e+00   9.4712203e-01  -5.3676513e-01  -9.1837886e-04   9.4004598e-02
   2.0000000e+00   6.8935447e-01  -8.7865294e-02   7.8224079e-01  -1.2833721e-01  -1.7465804e-01  -1.0816994e-01
   2.0000000e+00   8.9602914e-01  -2.3645143e+00   8.8936758e-01  -5.9184981e-01  -1.4841345e+00   5.9453965e-01
   1.0000000e+00  -4.9307807e-01   7.3928206e-01  -2.6768344e-01   1.9218324e-01  -2.0452694e+00   5.9645436e-01
   2.0000000e+00  -1.0558476e-01   4.7240655e-01  -1.3312203e-01  -1.6795071e-01  -1.1553854e+00   2.1870993e-01
   2.0000000e+00   4.4449556e-01  -4.1479538e-01  -1.6805902e+00  -1.0003126e+00  -1.2836616e+00  -2.4607630e+00
   2.0000000e+00  -7.8780370e-01  -2.0915956e-01  -8.7780061e-01   7.8045614e-01  -3.0021711e-01   1.1571441e-01
   2.0000000e+00   8.6404251e-01   4.0321890e-01  -1.0290451e+00  -5.6252266e-01   3.8641638e-01  -1.0756591e-01
   1.0000000e+00  -2.8896763e-01   7.0002022e-02  -5.6752285e-01   2.9822125e-01   9.8545361e-01  -4.0759580e-01
   2.0000000e+00   3.0694372e-01  -8.7697020e-01   5.5643441e-01  -3.4996969e-02   1.6251530e+00  -1.0417935e+00
   2.0000000e+00   3.6936308e-01  -7.2435381e-02  -5.6356318e-01  -6.5366084e-02  -8.0565713e-01  -2.9017411e-01
   2.0000000e+00  -5.4707603e-01   3.7222043e-01   8.3738966e-01   1.2499021e+00   1.7708938e+00   3.4142313e-01
   2.0000000e+00  -8.6838052e-01   1.6789155e+00  -4.4004493e-01   9.4809517e-01  -2.2507966e+00  -2.6971299e-01
   2.0000000e+00   7.9184570e-01   1.3134798e+00   2.2456327e-01  -1.1552715e-01   1.3654574e+00  -2.2939325e-01
   2.0000000e+00   1.5081848e+00   4.7808777e-01  -6.2168061e-01  -2.8345878e-02  -2.0490094e-01  -2.1050901e-01
   1.0000000e+00  -1.0871964e+00   1.2738545e+00  -3.2811277e-02   9.9440017e-01  -9.3687864e-01  -7.8626880e-02
   2.0000000e+00  -8.3573030e-01  -4.5281236e-02   1.1239107e-01   1.3027115e+00   2.1532521e+00   1.6742468e+00
   2.0000000e+00  -1.2041194e-01   1.5177196e+00   5.4991617e-01   9.0211468e-01  -5.6159736e-01  -4.2328415e-01
   2.0000000e+00  -6.7548840e-01  -8.4048765e-01   4.4518020e-01  -2.1954211e-01   1.2476028e-01  -5.9849438e-01
   2.0000000e+00  -3.9719776e-01   1.4084958e+00  -1.6005177e+00  -9.7509323e-01  -1.3808837e+00  -1.0078165e-01
   2.0000000e+00   6.5233951e-01  -3.4268399e-01  -3.1715683e-01  -1.3613370e+00   3.7904372e-01   3.4482829e-01
   2.0000000e+00  -2.8781785e-01  -1.5080786e+00  -7.7475997e-01   1.4856276e+00   3.1118933e-01   7.6576306e-01
   2.0000000e+00  -2.6015469e-01  -4.6604354e-01  -1.7257867e+00  -3.7500254e-01   1.3733442e+00   1.9999329e-01
   2.0000000e+00   5.1230412e-01   1.0200352e+00   1.0364654e+00   8.5063740e-01  -4.2320669e-01  -1.1206798e-01
   2.0000000e+00   8.0596097e-01  -1.9480435e+00   8.5213844e-02   1.6074949e+00   7.1371047e-03   7.4403932e-01
   2.0000000e+00  -4.1311519e-01   7.7959097e-01   8.6540618e-01  -1.8720225e+00   1.1029036e+00  -6.0133184e-01
   2.0000000e+00   6.9621948e-02  -1.4975945e-01  -6.3319735e-01  -1.5353228e+00   8.8768717e-01   8.4765718e-02
   2.0000000e+00   3.7980574e-02   4.4749154e-01   1.0997420e+00   1.1170406e-01   1.5538584e+00   5.3526247e-01
   2.0000000e+00   8.7263073e-01   5.5503672e-02  -1.6747741e+00   1.9799698e+00  -9.3398292e-01  -1.4795520e+00
   2.0000000e+00   3.8033710e-01   1.7373589e+00  -1.1367868e+00  -9.4288624e-02  -3.1273450e-01  -1.0677716e+00
   2.0000000e+00   8.2506343e-03  -3.1465005e-01   2.8558601e-01  -5.4033235e-01   1.1554393e+00   7.2895307e-01
   2.0000000e+00  -6.8506763e-01   3.7942056e-01   7.5138520e-01  -1.9625842e-01  -2.1040702e+00   6.9703754e-02
   2.0000000e+00  -1.9450135e-01  -5.2729099e-02   3.3204376e-01  -1.3857196e+00  -7.5062416e-01   1.4963721e+00
   1.0000000e+00  -3.5050422e-01   1.6194366e+00  -3.9349748e-01   2.2818875e-01  -2.1348905e+00  -3.8916689e-01
   1.0000000e+00   9.1093480e-01  -9.2548577e-01  -6.2683538e-01   3.9124525e-01   6.0741336e-01  -5.1108291e-01
   2.0000000e+00   6.2330758e-03   2.3670086e-01  -9.8830773e-01   4.5394002e-01   6.2084419e-03  -1.4021047e-01
   2.0000000e+00  -1.7082548e-01  -1.3708338e-01   7.9383208e-01   1.6150293e+00   1.0937226e-01  -4.7359968e-01
   2.0000000e+00   1.1407127e+00  -7.9258390e-01  -1.5107082e+00   1.0296726e+00   7.1681866e-01  -4.6005427e-01
   2.0000000e+00  -2.3232044e+00  -2.0020186e+00  -2.0647419e+00  -8.8607023e-01   4.1393882e-01   3.8002567e-01
   1.0000000e+00   2.1768846e+00  -1.4590785e-01  -2.3003993e-01   3.7275368e-01  -5.8801835e-02  -1.2633416e+00
   2.0000000e+00  -1.0114782e-01   1.0301501e+00   1.9285364e-01  -7.9387109e-01   3.1503298e-02   2.1968279e+00
   2.0000000e+00  -1.8696502e+00   1.2820921e+00   2.6768908e-01  -1.8032973e+00   2.8320855e-02   7.8439427e-01
   2.0000000e+00   8.3349637e-01   3.5162255e-01  -7.8086277e-01  -5.9251913e-01   5.7167323e-01  -4.2273967e-01
   2.0000000e+00  -2.4653164e-02   1.1665961e-01   1.5682365e+00  -6.4874780e-02  -3.5516930e-01   1.4625536e+00
   2.0000000e+00   1.7601542e+00  -3.6892119e-01   1.4668206e+00  -3.4328385e+00  -8.1104998e-01   2.2537422e+00
   2.0000000e+00   7.5374474e-01  -8.2092586e-01  -1.1707485e+00  -1.6559065e+00  -3.5163136e-01   8.9298229e-01
   2.0000000e+00  -3.5641478e-01  -2.0636150e+00  -3.4818649e-02  -1.7413559e-01  -1.3985973e+00  -6.4657937e-02
   2.0000000e+00   4.5426020e-01  -1.3954353e+00  -3.3838674e-02  -1.6946885e-01   3.3797316e-02   1.3273632e+00
   2.0000000e+00  -1.7168149e-01   3.6803171e-01   2.9542943e+00   7.3515974e-01  -8.3873733e-01  -6.6483300e-01
   2.0000000e+00   2.2437999e-01  -3.3237138e-01  -6.9966277e-01  -2.1315091e-01   1.0534364e-01  -6.0015492e-02
   2.0000000e+00  -3.6483992e-01  -2.0753120e+00   1.1157261e+00  -1.4658125e+00   8.9893386e-01  -2.2436278e-01
   1.0000000e+00   1.0003529e+00  -1.3328224e+00  -7.2763061e-01   3.2190538e-02  -3.1413523e-01   2.8726641e-01
   2.0000000e+00  -1.1335541e+00  -1.6702630e+00  -5.9802754e-01  -1.3501722e+00   6.3981165e-01  -7.7354417e-01
   2.0000000e+00  -1.1311979e+00   5.1235887e-01  -4.6147412e-01  -7.7946211e-01   1.3260200e-01  -4.8566812e-01
   2.0000000e+00  -2.3216375e+00   7.5027634e-01  -6.4737958e-01  -5.9879688e-01   2.9576664e-02  -1.0497305e+00
   2.0000000e+00   2.9359252e-01  -8.7829458e-01   1.8673510e+00  -7.5076969e-01   7.4677790e-01   1.9389896e+00
   2.0000000e+00  -1.4641051e+00   1.3648386e+00  -4.3216256e-01  -3.9584205e-01  -3.1409858e+00  -5.6636506e-01
   2.0000000e+00  -1.2791600e+00  -1.2023301e+00  -4.3841851e-01   2.7518781e+00  -7.3358772e-01   1.8257813e+00
   2.0000000e+00   5.0260421e-01  -5.6775834e-01   1.8344233e+00  -1.8239264e+00  -1.0594019e+00   1.1800133e-01
   2.0000000e+00  -1.7605704e-01  -3.0480605e-01  -2.0496663e+00   7.4056613e-01   4.4009979e-01   1.0970320e+00
   2.0000000e+00  -5.5009412e-01   4.2793375e-02   9.6540860e-01   2.1631108e+00  -1.3449532e-01   8.2354446e-01
   2.0000000e+00   4.1140889e-01   5.6213311e-01  -1.1503545e+00  -1.4989530e+00   2.8995501e-01  -1.9532427e+00
   2.0000000e+00   8.3808713e-01   1.0333695e+00   1.4026085e+00   2.0408538e+00  -4.1594834e-01   7.2892991e-01
   2.0000000e+00  -3.8798320e+00  -4.8744188e-01  -1.2012333e-01   1.1539056e+00   1.0019094e+00  -1.3279358e+00
   2.0000000e+00   1.6478473e+00  -7.9291818e-01  -9.5900365e-02   1.4982378e+00  -1.2360606e-01   4.3664137e-01
   2.0000000e+00  -1.9640193e-01  -8.1078194e-01   4.5337811e-02  -1.2711246e+00  -6.0816302e-01  -2.2593340e-01
   2.0000000e+00  -1.1839395e+00   2.2017741e-01   9.9652721e-01  -3.3359786e-01  -2.3511823e+00  -2.2922080e-02
   2.0000000e+00   1.2213349e-01   1.2170356e+00  -3.1233562e-01  -1.3763109e+00   4.8328456e-01  -7.3096044e-01
   2.0000000e+00   5.5173372e-01   6.4728062e-01   8.7650879e-01  -1.7862772e+00  -4.5429624e-01   2.7953282e-01
   2.0000000e+00   5.4083613e-03  -5.6546912e-01  -1.3559856e-01  -1.0547205e-01   1.2782369e+00   1.7672033e+00
   2.0000000e+00  -6.6482927e-01   3.8989904e-01   1.1915599e+00   8.9095844e-01  -7.9724823e-01  -2.3191194e+00
   2.0000000e+00   9.8695933e-01   5.7705344e-01   1.0195546e+00  -2.7023169e-01   6.7664535e-01  -1.0701714e+00
   2.0000000e+00   2.6791023e-01   1.5477713e+00  -1.5918824e+00  -1.3147687e+00   1.1209610e+00  -2.0390950e-01
   2.0000000e+00  -8.1521947e-02   5.7943694e-01   2.7458539e-01  -3.7303318e-01   4.7855206e-01  -9.4410093e-01
   2.0000000e+00   4.5891747e-01  -1.6564873e-01  -1.3600654e+00   3.8378481e-01   1.0078018e+00   2.1173455e-01
   1.0000000e+00   1.0166033e+00   7.0212585e-01  -8.8719299e-02   6.5452058e-01  -1.7715093e+00   1.7484115e+00
   1.0000000e+00   6.4122260e-01  -6.0726416e-01   6.9772167e-01   1.7923927e-01  -1.1362346e+00  -1.2940399e+00
   2.0000000e+00   8.6661167e-01  -1.2543653e+00  -7.8210601e-01  -1.9961772e+00   1.2304061e+00   9.2748536e-01
   1.0000000e+00   8.9947540e-01  -6.4023053e-01  -6.7389912e-02   6.4592838e-01  -1.5169833e+00  -6.0281098e-01
   2.0000000e+00   4.3355558e-01  -7.4938769e-01   1.0474158e+00  -1.4727206e-01   1.3502582e+00  -2.2459433e-01
   2.0000000e+00   3.9915900e-01  -1.1573774e-01  -5.6832176e-01  -1.0922225e+00  -8.6176612e-01   1.3855296e+00
   2.0000000e+00  -3.3314612e-01   1.0911008e-01  -1.4085024e+00  -7.0550986e-01   3.4191750e-01  -8.9293737e-01
   2.0000000e+00   1.8648401e+00   1.4950828e+00   1.8368732e-01  -2.2706670e-01  -5.4307330e-01   1.7507068e+00
   2.0000000e+00   5.5314807e-01   2.1613786e+00   1.3519207e+00   2.3170323e-01  -1.5970278e-01  -1.4399262e+00
   2.0000000e+00   6.9213583e-01   4.6513360e-01  -5.7025898e-01  -5.3159417e-01   6.9795512e-01   9.3149655e-01
   2.0000000e+00  -1.3618971e+00   2.0807322e+00   1.0487783e+00  -2.1309694e-01  -8.6231126e-01  -9.0605061e-01
   2.0000000e+00  -2.2846571e-01   2.1529244e-01  -2.4715827e+00  -3.3985709e-01   1.4502016e+00  -7.8779076e-01
   2.0000000e+00   1.1285128e+00  -1.2008323e+00   9.0711534e-01  -1.4564033e+00  -9.4730685e-01   9.8128882e-02
   1.0000000e+00  -2.6890656e-01   2.1051732e+00  -3.3464950e-01   9.7324124e-02  -3.1789735e-01   9.3069361e-01
   2.0000000e+00  -4.7000757e-01  -1.3516844e-01   2.6683833e-03  -1.2431913e-01  -1.4393358e+00  -8.3551135e-02
   2.0000000e+00   3.5565640e-01  -1.0769285e+00   6.7359826e-01  -2.5716473e-01  -5.8679628e-01  -1.6388121e+00
   1.0000000e+00  -4.4426257e-01   8.0095487e-01   5.4434403e-01   1.3796455e-01   1.0802175e+00   1.0854028e+00
   2.0000000e+00   7.0449543e-01  -6.1789461e-01  -2.2069750e+00  -2.0165094e-01  -2.0102404e-01  -1.2474341e-01
   2.0000000e+00  -6.0145205e-01  -5.6769394e-01   1.6699239e+00  -2.6041767e+00  -2.5549394e-01   6.9947543e-01
   2.0000000e+00  -4.2007523e-01   1.5128877e+00  -4.1005895e-02  -2.0631918e-01   1.2455541e+00  -9.8895551e-03
   1.0000000e+00  -1.3767609e+00   1.0858695e+00   2.9844676e-01   1.8937859e-01  -9.6483585e-01  -9.4845791e-01
   2.0000000e+00   2.8755518e-01  -1.0645813e+00  -4.2826652e-01   1.6929649e+00   9.8294569e-01  -1.0073190e+00
   2.0000000e+00  -1.4861616e-01   1.2008975e+00   3.7541908e-01   1.1231428e+00   4.7521572e-01  -2.5739204e-01
   2.0000000e+00   7.5723834e-02  -1.0740864e+00  -1.9980837e-01  -2.5531922e-01  -7.0119379e-01  -8.4270047e-01
   2.0000000e+00   8.2390457e-01  -1.7296107e+00   1.6234267e+00  -9.2615011e-01  -1.5888469e+00   1.0401929e-03
   2.0000000e+00  -9.4451424e-02   1.3964450e+00   1.4914435e-01  -1.0093606e-01   1.9963334e+00  -1.7153546e+00
   2.0000000e+00  -5.0925494e-01   2.0016888e+00   3.4772632e-01  -5.3955647e-01   4.0444047e-01  -1.3899939e-01
   2.0000000e+00  -3.7076024e-01  -3.0047895e-01   1.6081860e+00  -2.2984433e+00   6.0415491e-01  -4.7494407e-01
   1.0000000e+00   1.0130158e-01  -9.4414151e-01  -3.2071281e-01   4.4645869e-01  -1.2700041e+00   4.2679428e-02
   1.0000000e+00  -1.2733510e-01  -7.6240590e-01  -5.2783221e-01   7.4884310e-01   3.2540219e-01  -5.4892400e-01
   2.0000000e+00  -1.3583024e+00  -8.0602690e-01  -5.7775210e-01   3.2343349e-02  -5.7425374e-01   2.3892748e+00
   2.0000000e+00   1.1011993e+00   2.9927343e-01  -9.6118893e-01  -1.0443354e-01   1.3634994e+00   7.9551466e-01
   2.0000000e+00  -1.3649770e+00   7.5367460e-02  -2.0261362e+00   1.1114199e+00   2.2933799e-01   5.3137364e-01
   1.0000000e+00   9.6288639e-01   1.7963688e+00  -6.6744783e-01   2.9803270e-01  -1.6227387e+00  -6.4080730e-01
   2.0000000e+00   4.8073899e-01   1.4103098e+00  -5.8133584e-01  -8.2514156e-01  -3.4164758e-01   1.3957311e+00
   2.0000000e+00  -5.2168863e-01  -4.2166227e-01   1.9200048e+00  -5.3829128e-01  -3.3915555e-01   1.4514613e+00
   2.0000000e+00   2.2159010e+00  -6.1862758e-01  -9.9705315e-01  -5.9060521e-01   1.0424362e+00  -4.3818051e-01
   2.0000000e+00   4.0548838e-01  -1.8225416e+00   2.1905440e+00  -6.1933003e-02  -2.2366077e+00   2.5958785e+00
   2.0000000e+00   8.2779450e-01  -1.4850733e-01  -4.3254545e-01  -1.5742784e-01   5.2859450e-01  -1.3413472e+00
   1.0000000e+00  -1.0538751e+00  -6.2330476e-01  -8.0668474e-01   4.3241253e-01  -1.5855170e+00   1.4045578e+00
   2.0000000e+00  -6.0321266e-01  -1.7296277e+00   1.7141654e-01  -5.1990261e-01  -3.8100781e-01  -2.7391176e+00
   2.0000000e+00  -2.8754448e-01   2.5706490e-01   1.1505246e+00  -8.8206611e-01  -1.4520550e+00  -3.3432526e-01
   1.0000000e+00  -8.2649293e-01   2.2487766e-01  -9.4032154e-01   1.3177066e-02  -1.7664241e+00   1.5602868e+00
   2.0000000e+00  -6.2496093e-01   1.4578987e+00  -3.8721568e-01  -4.1469111e-01   7.5633265e-01  -6.8559217e-01
   2.0000000e+00  -5.8631419e-01  -2.9747454e-01  -6.0370746e-01   1.1159923e+00   5.4944492e-01  -2.4445864e+00
   2.0000000e+00  -8.9752073e-01   6.7148392e-02  -1.7377064e-01  -1.0060641e-01   1.9687023e-01  -2.0914812e+00
   2.0000000e+00  -1.6286975e+00   6.6236290e-01  -1.0392149e+00   1.0347000e+00   2.7536314e+00   1.3971446e-01
   2.0000000e+00   6.6056787e-01   7.7089451e-01   7.0565554e-01   8.0646975e-01   5.7748893e-01   6.8611550e-01
   1.0000000e+00  -9.5655900e-01   2.4885193e-01  -9.1254051e-02   8.8203157e-01  -7.0550992e-01  -8.2247870e-01
   2.0000000e+00  -1.6277527e-01  -4.7105592e-01  -1.1233333e+00  -2.2121793e-01  -1.1782535e+00   1.4059655e+00
   2.0000000e+00   5.4885616e-01   6.0458327e-03  -9.8151181e-01   1.6123950e+00   1.3855468e+00   4.1552902e-01
   2.0000000e+00  -5.6488109e-01  -7.2864959e-01  -1.7872295e-01  -8.4829534e-01   3.8194011e-01   1.0083731e+00
   2.0000000e+00  -4.5442941e-01   3.1017141e-01   1.4193669e+00   3.6892630e-01   1.5582075e+00   2.9108293e-01
   2.0000000e+00   1.2470429e-01   3.5314266e-01  -1.8690038e+00   1.3967539e+00  -6.3712617e-01  -6.1433286e-01
   1.0000000e+00  -1.1750906e+00   1.1310845e+00   2.7379547e-01   6.9435885e-01  -1.1557517e+00  -1.3122580e+00
   2.0000000e+00  -1.7275534e-01   4.4376863e-02   1.0281545e+00   1.8875716e+00   2.2974970e-01   3.7285435e-01
   2.0000000e+00   6.4913606e-01  -1.0717994e+00  -4.2266933e-01  -3.1473073e-01  -8.1252883e-01  -3.0645204e-01
   2.0000000e+00   1.0048132e+00   1.3913114e+00  -3.1702359e-01  -9.5511709e-02  -2.5019682e+00  -1.0554536e+00
   2.0000000e+00   2.5993572e+00   5.6035759e-01   5.1079076e-02  -1.5920504e+00   9.8680145e-01  -8.5188387e-01
   2.0000000e+00  -6.3389862e-01  -2.5974676e-01  -1.0801160e+00  -7.6906308e-01  -1.3897565e+00  -6.4222447e-01
   2.0000000e+00  -2.1214838e+00   1.9352082e+00   5.4872671e-01  -5.6068860e-01  -1.0519319e+00   5.5022737e-01
   2.0000000e+00   2.0468193e+00   5.0726063e-01   5.8248121e-01   1.4074930e+00  -1.0254979e-01  -1.4412393e+00
   2.0000000e+00  -8.2629242e-01   5.8745234e-02  -7.5009108e-01   1.2226740e+00  -9.5953114e-01   1.2666922e-01
   2.0000000e+00   4.9641552e-01   1.9995758e+00  -4.3675553e-01  -4.1774308e-01  -4.7391247e-01  -1.1140927e+00
   1.0000000e+00  -5.1294513e-03   2.2259233e+00   9.2021915e-02   9.2317513e-01   4.3221936e-01  -6.1464547e-01
   2.0000000e+00  -1.6776965e+00   1.6409448e+00   1.2259386e+00   2.9112408e-01   2.3027334e-01   5.1400659e-01
   2.0000000e+00  -1.0910658e+00   1.2912925e+00   1.2678946e+00  -7.4626612e-01  -1.6104230e+00  -6.7446472e-01
   2.0000000e+00  -7.8007849e-01   3.8911929e-01   4.4812479e-01  -4.9428454e-02  -1.5400232e+00   1.6661159e-01
   2.0000000e+00   9.8001975e-01  -1.2023239e+00   2.1355372e-01   1.9503809e+00  -1.9786012e-01  -5.4060970e-01
   2.0000000e+00  -1.9299109e+00   8.4865292e-01   1.2692352e+00   2.3593530e-01   7.4609656e-01  -8.4281390e-01
   2.0000000e+00  -6.9026955e-01  -7.7632405e-01  -1.3856104e+00   2.1746451e+00  -4.1716191e-01  -1.6125470e+00
   2.0000000e+00  -1.2772621e+00  -4.6399424e-01  -5.0441425e-01  -2.5245515e+00   2.9745174e-01  -1.4385276e+00
   2.0000000e+00   1.2452941e+00  -1.7815087e+00   3.1456300e-01  -2.0538195e+00  -3.7860345e-01   4.5911697e-01
