   2.0000000e+00  -4.4820166e-01  -1.8637578e+00  -7.3945155e-01  -4.4659238e-01   1.0580487e+00  -2.7671064e-01
   2.0000000e+00  -4.6343624e-02  -1.9179662e+00  -1.5791520e+00  -9.1419564e-01   1.7552426e+00  -6.0430574e-01
   2.0000000e+00  -8.8949120e-01  -3.8248613e-01   2.6982626e-01   1.3679100e+00  -1.3029426e+00   1.1651382e+00
   2.0000000e+00   5.5466521e-01  -1.3814994e+00   3.6580661e-01  -3.4296133e-01   6.6505778e-01   1.2399396e+00
   2.0000000e+00  -6.4709967e-01  -2.3617852e+00   9.2723256e-01   1.7579286e+00  -4.0734163e-01   6.6247925e-01
   1.0000000e+00  -5.8186135e-01   3.9072545e-01   1.0941304e+00  -3.4341086e-01   1.6968864e-01   1.9385476e-01
   1.0000000e+00   4.2274031e-01   9.5702484e-02  -1.2466543e-01  -5.1832128e-01  -3.7706509e-01   3.9443921e-01
   2.0000000e+00  -1.4307763e+00  -3.9461391e-01   9.5722046e-01  -5.5221702e-01   1.9687366e+00   1.4933440e+00
   1.0000000e+00   1.6787131e+00   9.9164372e-02   4.0991087e-02   2.2729386e-01   3.8405287e-02   1.9383032e-01
   2.0000000e+00   8.7377394e-01  -6.9248439e-01  -4.6349125e-02   2.2801577e+00  -4.3850908e-01   2.6748214e-01
   2.0000000e+00   1.3645544e+00   7.7495845e-01  -9.9428614e-01  -1.2776732e+00   3.8680239e-01   5.8127957e-01
   2.0000000e+00  -3.6206360e-01   5.5325534e-01  -4.7083979e-02   1.4117150e+00  -1.2382888e+00   3.2343739e+00
   2.0000000e+00  -2.3212818e+00  -4.4123397e-01   7.2551258e-01   2.4702977e+00  -2.8323096e-01  -3.9608980e-01
   2.0000000e+00  -1.4269440e-01  -9.8260423e-01   1.1905774e+00  -1.6885379e-01  -1.3431865e-01   1.1286516e+00
   2.0000000e+00   8.0393417e-03  -1.1472472e+00   6.9645045e-01  -5.1969071e-01   2.6224220e-01  -2.1700684e-01
   2.0000000e+00  -6.0747420e-01  -3.1606255e-01  -1.9521559e-02   2.1158763e+00   5.0234845e-02   1.3239641e-01
   2.0000000e+00  -3.9580235e-04  -4.8867108e-01   1.1581203e+00  -2.8267290e-01   1.2929657e+00   2.2780940e+00
   2.0000000e+00   1.0857748e+00  -4.3039634e-01  -9.3952734e-01  -1.8224951e+00   3.3601895e-01  -8.4912999e-01
   1.0000000e+00   1.7710974e-02   6.7571006e-02   3.2946700e-01  -6.8127526e-01  -4.3100403e-01   1.7254001e-02
   2.0000000e+00   2.6209209e+00  -2.0887357e-01   1.5426440e+00  -1.7953696e+00  -1.2340363e+00   1.9080522e-01
   2.0000000e+00   8.3541004e-01  -2.9924488e-01   5.8784236e-02  -4.4189722e-01   6.6353235e-01   1.1954543e+00
   2.0000000e+00   1.5836764e+00  -8.0221790e-01  -7.5908541e-01   9.9362409e-01   5.9775457e-02   1.8761106e+00
   2.0000000e+00   2.5122045e-02  -5.2259416e-01   2.5766963e-01  -1.1748644e+00   6.0533596e-01   1.5773572e+00
   2.0000000e+00  -1.2755640e-01   2.4675820e+00  -1.5173441e+00  -1.4876614e+00   7.5187693e-01   1.1910924e+00
   2.0000000e+00   9.2680291e-01  -7.4743667e-01  -4.0906885e-01  -9.6381596e-01   8.6969978e-01  -1.5677930e+00
   2.0000000e+00  -8.2114288e-01   2.3205564e-01   9.2977976e-02   6.9641752e-01   6.9972141e-01  -1.6617695e+00
   2.0000000e+00  -4.5589368e-01   5.9034328e-01   9.3910679e-01   1.0917148e+00  -8.6630543e-01   3.9642910e-03
   2.0000000e+00   4.1168216e-01   4.2314501e-01  -1.6498093e+00  -1.2144359e+00  -1.3323950e+00  -1.0335007e+00
   1.0000000e+00  -6.6354754e-01   3.7221229e-01   7.3207004e-01  -5.8466323e-01  -2.9897572e-01   5.3009042e-01
   1.0000000e+00  -1.2425749e+00   2.0863294e-01   5.9095173e-02   3.2545446e-01   3.3452302e-01   9.4124019e-01
   2.0000000e+00  -6.8786196e-02   1.7957167e-01   5.8718261e-01   1.9470406e+00  -4.5931340e-01  -5.5552131e-02
   2.0000000e+00  -2.2842960e-01  -1.4330712e+00  -4.1449269e-01   1.2785846e+00  -7.9372364e-01  -4.4463297e-01
   2.0000000e+00  -4.2059858e-01  -1.2880931e+00   9.0180110e-01  -3.2584081e-01  -5.5259440e-02  -1.1179408e+00
   2.0000000e+00  -1.7405841e+00  -7.7057951e-01  -1.1161254e+00   6.7940712e-01   5.8551422e-01  -1.1199029e-01
   2.0000000e+00  -1.7087599e+00   2.4172339e-01   1.4513799e+00   1.8433596e+00  -5.5121968e-01   2.2503496e-01
   2.0000000e+00   2.7546674e-01  -8.1979650e-01  -1.3865478e+00   2.5933800e+00   2.3764142e-01  -1.6615935e-01
   2.0000000e+00  -7.6886959e-02   1.2543893e+00  -8.4924811e-01   9.2664115e-01  -4.7371268e-01  -9.3904874e-01
   2.0000000e+00   1.3263513e+00   2.3286468e+00  -1.8146496e+00  -8.2272421e-01   7.4248366e-01  -5.2214480e-01
   2.0000000e+00  -5.3787730e-01  -1.2702700e+00   6.2727947e-01   3.9528885e-01   2.0525440e+00   2.6205964e-01
   2.0000000e+00   5.7313973e-01   1.7109785e+00   3.0933440e-03  -4.4317573e-01   1.8924073e+00  -1.5081249e+00
   2.0000000e+00   1.2657895e+00  -9.7725626e-01  -5.6229365e-01  -6.2229767e-01  -4.0861207e-01  -1.7324797e+00
   2.0000000e+00   5.5157630e-01  -1.8830990e+00   1.4880772e+00   2.4497264e-01  -1.4201117e+00  -1.3611173e+00
   1.0000000e+00  -1.4569024e+00   8.2685166e-01  -1.5122036e-01  -7.4890233e-01  -9.2545389e-01   5.6964589e-02
   2.0000000e+00  -1.4902769e+00   1.0909027e+00  -1.4793144e-01   4.9717416e-01   3.0217233e-01  -2.4803086e-01
   2.0000000e+00   2.7366202e-01   4.7850166e-01   8.7104313e-01   3.9970336e-01  -3.3083051e-01  -9.3205273e-02
   1.0000000e+00  -1.1057260e-01   4.8157910e-01   1.2431395e-01   4.2578921e-01   3.1754455e-01   8.2409047e-02
   2.0000000e+00  -1.2820611e+00  -1.5733503e+00  -9.9552240e-02   9.1762458e-01  -1.2527742e+00  -1.2682100e-01
   2.0000000e+00  -1.4777998e+00   9.2493707e-02  -6.5483009e-01   1.8875930e+00  -7.0952266e-01  -1.1662259e+00
   2.0000000e+00  -1.5904695e+00   2.2778050e+00   9.8792599e-01  -2.4720656e+00   3.0289526e-01   4.1762378e-01
   1.0000000e+00   1.2777012e+00  -2.5846623e-02   8.6404226e-01  -1.0972924e-01   2.4601957e-01   7.0161762e-01
   2.0000000e+00   1.1980430e+00  -1.1926388e+00  -1.4798799e+00   1.3934121e+00  -7.3275118e-01  -1.3268627e+00
   2.0000000e+00   4.2239477e-01  -1.8680026e+00  -8.6798161e-01  -1.1490473e+00   5.8547603e-01  -9.0782117e-01
   2.0000000e+00   5.1468787e-01   1.1778679e+00  -4.5539162e-01  -1.0150077e+00  -9.3207896e-01  -7.4788581e-01
   2.0000000e+00  -1.5972826e+00   1.0124900e+00  -5.4899443e-01   9.2475817e-02   2.3151183e-01  -7.1341814e-01
   1.0000000e+00  -8.0183511e-02   2.6360586e-01   6.1383694e-01  -1.7849559e-01   4.2237421e-01   1.1686043e-01
   2.0000000e+00  -4.6405084e-01  -8.8369705e-01  -1.8324680e+00   1.4653416e+00   1.5978398e+00   1.9848652e+00
   2.0000000e+00   2.9378576e+00  -1.2089542e+00   8.8529989e-01   4.8613744e-01   1.6500403e-01  -7.6136983e-01
   1.0000000e+00  -2.2364505e-01   4.4286075e-01  -1.2802580e+00   5.0372582e-01  -1.8072081e-01   2.1200880e-01
   2.0000000e+00   2.0805666e+00  -2.3772953e-01   9.5737345e-01   4.5314478e-01  -1.0989516e+00  -1.0291173e-01
   2.0000000e+00  -3.5318304e-01   1.8290413e-01  -7.6819364e-02  -4.8270983e-01   5.1594063e-01  -9.2520885e-01
   2.0000000e+00  -7.6195326e-01   7.8396259e-01  -3.7861528e-01  -9.1661084e-01  -3.5097564e-01  -2.0629879e-01
   1.0000000e+00   1.5194086e+00  -1.2252818e+00  -1.4201241e+00   2.4948540e-01  -8.0665680e-01   8.6018461e-01
   1.0000000e+00  -1.7867640e-01  -1.3479579e+00  -1.5694984e+00  -2.1204579e-01   1.1561936e+00   2.3472779e-01
   2.0000000e+00   2.1868822e-01  -4.2435367e-01  -2.1499992e+00   1.0591781e+00   1.1890915e+00   6.7327986e-01
   2.0000000e+00   4.9663119e-01   1.6010033e-01  -3.1792154e-01  -5.4352227e-01   8.5860938e-01  -7.5157571e-02
   2.0000000e+00   8.0176071e-01   1.1695856e+00  -1.0959694e+00  -1.0888361e+00   9.4167114e-01   2.6246215e-01
   2.0000000e+00   2.5602824e-01  -8.7575642e-02   1.3616000e+00   2.1734644e+00  -3.9297143e-01  -8.3158056e-01
   2.0000000e+00  -7.2788533e-01  -1.5503888e-01  -4.9050073e-01   5.9636870e-01   8.9537616e-01  -1.5586074e-01
   2.0000000e+00   5.6566473e-01  -7.3334398e-03   5.4912954e-01  -1.1364637e+00  -1.7203651e+00   7.2265970e-01
   2.0000000e+00  -1.3026627e+00  -4.0768592e-01   1.2679953e+00   4.3795837e-01  -1.0961082e+00   1.5318582e+00
   2.0000000e+00   1.0208662e+00   1.0453151e+00  -7.5877449e-01  -1.0829349e+00  -6.7817424e-01   1.0227657e+00
   2.0000000e+00  -5.6385051e-01  -1.2470958e+00  -4.8823177e-03   1.0405729e-01   1.2251325e+00  -2.0809544e+00
   2.0000000e+00   1.3003487e+00   1.2539635e-01   8.0719106e-01   1.7260235e+00   7.0843774e-01  -1.1730140e+00
   2.0000000e+00  -7.2981617e-01  -6.4755893e-01  -1.7118146e+00   8.8050859e-01  -2.4686523e-01   5.5629084e-01
   2.0000000e+00   4.1943522e-01  -7.8925207e-01   1.1668291e+00  -1.7638459e+00   4.5467256e-01   2.6860802e-01
   2.0000000e+00  -9.4171524e-02   4.0783326e-01   7.7752564e-01   5.2060420e-01  -1.4009161e+00   8.8065073e-01
   2.0000000e+00   1.4465720e-01  -3.9775957e-01   1.6067015e+00  -8.4216514e-02   1.4595477e+00  -1.4556841e-01
   2.0000000e+00  -1.1407687e+00   1.0416783e+00  -8.0461071e-02  -2.2935146e-01   2.7349737e+00   6.7177487e-01
   2.0000000e+00   1.4768639e+00   8.5133961e-02  -5.5531502e-01  -8.8921107e-01   6.4928468e-01  -2.6491642e-01
   2.0000000e+00  -3.7218352e-01   2.0145088e+00   3.5838549e-01   4.7528932e-01   6.6378220e-01  -3.7501065e-01
   1.0000000e+00  -1.1495338e+00   8.4056059e-02  -1.2459931e+00  -1.6080704e-01   3.7832014e-01   5.0599845e-01
   2.0000000e+00  -1.2373393e+00   2.1241633e+00  -5.2820753e-01  -2.5463157e-01  -1.0629814e-01  -3.2761840e-02
   2.0000000e+00   1.4209599e+00   5.1819269e-01   9.4670682e-03  -3.2742447e-01  -4.9225402e-01  -1.6705587e-01
   2.0000000e+00  -2.8584063e-01  -1.0054265e+00   3.3719671e-01  -1.2476715e-01  -7.0740240e-02  -9.3293315e-01
   2.0000000e+00  -1.3230121e+00   1.0551925e+00  -5.7023069e-01   6.9048718e-02   2.0184035e-01  -5.4924936e-02
   2.0000000e+00   9.3189247e-01  -6.7016185e-02   1.5936109e+00  -1.6490765e+00  -6.7189703e-02   5.0635821e-01
   2.0000000e+00  -5.4070832e-01   5.0925465e-01   6.3123532e-02   6.7926571e-01   1.1084977e+00  -7.2550203e-01
   2.0000000e+00  -1.9532043e+00   7.0447565e-01  -1.2645294e+00   4.7007257e-01   1.5421983e+00   1.3472664e+00
   2.0000000e+00  -1.8036739e+00   3.0630533e-02  -2.7655841e-01   6.8927843e-01   1.6200250e+00   9.8850256e-01
   2.0000000e+00   2.9706616e-01  -2.1745563e-01   9.1620931e-01  -1.9579694e+00  -3.2525271e-02  -1.5805438e+00
   2.0000000e+00  -4.6322454e-01  -1.1583161e+00   1.1667107e+00  -7.5299440e-01   7.4897263e-02   8.8272290e-01
   1.0000000e+00   9.1214816e-01   1.1200624e+00   8.1469965e-01  -4.6820890e-01  -1.0317011e-01   7.9047259e-01
   2.0000000e+00  -2.5238304e+00   1.2752645e-01   6.1891810e-01   4.9885465e-01  -3.6392566e-01  -2.3924384e-01
   1.0000000e+00   2.8666862e-01   6.3727930e-01  -3.6842149e-01   3.5724883e-03  -8.1866842e-01   5.5094750e-01
   2.0000000e+00   1.4476717e+00  -2.0401483e+00   3.6545400e-01  -4.0284148e-01   7.1770451e-02   1.0275367e+00
   2.0000000e+00  -3.7648361e-01   8.4095513e-01   1.6072463e+00   1.4452184e+00   7.5181699e-01   7.8258290e-01
   2.0000000e+00   1.5578475e+00  -5.3490874e-01   3.1822037e-01  -9.6919648e-02  -6.5006932e-01  -6.8038186e-02
   2.0000000e+00   9.3685725e-01   7.6441396e-01   2.6957328e-01   1.4639566e+00   1.9183775e+00  -6.7269545e-01
   2.0000000e+00  -4.0247930e-01   4.3895828e-01   3.0578989e-01  -1.3431157e+00   9.7730989e-01   4.3825519e-01
   2.0000000e+00   9.8082677e-01  -6.2348725e-01   1.8547013e+00   2.0941870e-01  -9.1795192e-01  -9.9740231e-01
   2.0000000e+00   2.1996298e+00   1.2067887e+00   1.7287268e-01   1.8077462e-01   2.6725241e-01   1.5474675e+00
   2.0000000e+00  -7.0913762e-01   1.7774721e+00  -4.1518512e-01  -1.1587106e+00   5.4699509e-01   1.2140701e+00
   1.0000000e+00   7.2516056e-01  -6.0499151e-01  -1.8118731e-01  -6.0730491e-01  -3.9491584e-01   7.7037992e-01
   1.0000000e+00   1.5483175e-01   9.4948404e-01  -4.9234134e-01   9.0628894e-01  -8.2861420e-02   1.3495794e-01
   2.0000000e+00   1.6224200e+00   7.0210483e-01  -4.8963626e-01   1.6166615e+00   9.2786340e-01  -8.0641290e-01
   2.0000000e+00  -5.3406574e-01  -1.1682339e+00   5.9450280e-01   7.1763596e-01   1.3573818e+00  -3.4720166e-01
   1.0000000e+00  -4.2256965e-01  -1.7752496e-01  -6.3490326e-01  -9.0312270e-01   2.7008650e-01   2.1222091e-01
   2.0000000e+00  -4.4783630e-01  -5.3013510e-01   8.0877537e-01   1.0231476e+00  -4.4602637e-01  -1.2415410e+00
   2.0000000e+00   2.4094197e-02  -8.4280359e-01  -5.3278964e-01   2.4289102e-01   1.5369473e-01  -6.7335247e-01
   2.0000000e+00   1.0109894e+00  -7.4728136e-02   5.6685907e-01  -1.5745509e-01   1.3740110e+00  -7.4194856e-01
   2.0000000e+00  -1.6167802e+00   7.3921269e-02  -1.7312840e+00  -7.7103062e-01   9.5767330e-01  -1.5732275e+00
   2.0000000e+00  -9.7988706e-01  -9.0084489e-02  -1.6726402e+00   1.2146149e+00   3.4695385e-01   5.6762523e-01
   2.0000000e+00  -1.8770887e+00   5.2862362e-02  -7.3714520e-01  -1.2678484e+00  -3.3033185e-01   1.2800459e+00
   2.0000000e+00   3.2319550e-01  -1.1933726e+00  -3.4155313e-01   2.0007111e+00   1.1167331e+00   1.4619490e+00
   2.0000000e+00  -3.6003353e-02  -2.4235072e+00  -6.1511616e-01   9.5819615e-03   9.6988417e-01   1.5723036e+00
   2.0000000e+00  -9.4504448e-01   2.1368858e+00   2.5741463e-01  -1.5532699e+00   1.2843727e+00  -7.7457181e-02
   2.0000000e+00   3.7310331e-02  -3.1547545e-01  -5.1359824e-01   3.0322826e-02   5.0617580e-01  -7.5080756e-01
   2.0000000e+00   8.0841884e-01  -4.6783901e-01   4.9962617e-01  -1.3413192e+00   1.2019988e+00   4.3183508e-01
   1.0000000e+00  -8.8749983e-01   1.9748005e+00  -1.0128734e+00  -2.4061133e-01   2.3332886e-01   4.4051622e-01
   1.0000000e+00   2.4616498e-01   5.6157073e-01   2.7333802e+00  -1.0131715e-02  -1.7101202e-01   7.2986706e-01
   2.0000000e+00  -3.3747364e-01  -4.5037847e-01   1.4316636e+00  -2.4584830e-01  -7.7214517e-01  -7.9841804e-01
   2.0000000e+00   9.8919931e-01  -1.1390775e-01  -1.4883465e+00   8.5542476e-01   1.1471832e+00  -3.5971330e-02
   2.0000000e+00  -1.9205942e-01  -5.5325049e-01  -5.0582235e-01  -8.0991153e-01  -5.0381299e-01  -1.2432932e+00
   1.0000000e+00   1.8719660e+00  -7.0520904e-02  -1.3821960e-02   2.6253172e-01   1.0249816e+00   6.4012349e-01
   2.0000000e+00   1.2659582e+00  -5.4487569e-01   2.7261154e-01   1.2677198e+00  -1.2850961e-01   1.3176484e+00
   2.0000000e+00  -4.5975337e-01  -1.1017480e+00  -1.2673926e+00   1.5139344e-02  -9.3944123e-02   1.2570048e+00
   2.0000000e+00  -7.1830588e-01  -2.2418696e+00   1.0081320e+00  -5.0521582e-01  -6.5641507e-01   1.1721607e+00
   1.0000000e+00   6.5166048e-01   4.8179273e-01  -8.5347511e-01   2.2582430e-01  -4.0884543e-02   6.6148123e-02
   1.0000000e+00   2.3030456e+00   2.2020228e+00  -6.0363396e-01  -9.2828440e-01   1.1343272e+00   2.9658336e-01
   2.0000000e+00   1.9009423e-01  -1.1924765e+00  -1.0780626e+00   6.5025871e-01  -7.1688005e-01  -7.7337970e-01
   1.0000000e+00  -9.0361053e-01   1.6686603e-02  -1.1342535e-01  -3.5724234e-03  -4.4852356e-01   2.1725645e-01
   2.0000000e+00   4.0316166e-01   3.0372242e-01   7.4126270e-01  -1.4576288e+00   1.2973164e+00   7.4689936e-01
   2.0000000e+00   3.4507431e-01  -4.9076958e-01  -5.9757255e-01  -2.1413595e+00   6.6444527e-01   2.1785502e-01
   2.0000000e+00   2.6217339e+00  -2.3536327e+00   8.5366366e-01  -7.7268382e-01  -1.7661686e+00  -4.9129176e-02
   2.0000000e+00  -2.3434682e+00  -8.9907575e-01   1.8757427e+00   1.2150951e+00   2.0231518e+00  -1.0957943e-01
   2.0000000e+00   1.7021518e+00   3.3063475e-03  -7.2373948e-01   4.4581396e-01  -1.1299179e+00  -3.0404040e-01
   2.0000000e+00  -4.0380695e-01  -4.8061973e-01   4.9577383e-01   9.8051711e-01  -4.9262655e-01   2.6144623e-01
   2.0000000e+00   2.1557679e+00  -1.3823567e+00   6.7159723e-01  -2.8831373e-01  -4.8370883e-01   1.6579064e+00
   2.0000000e+00   1.0406336e+00   1.1539601e+00  -1.4698765e+00   1.7912653e+00  -1.0275838e+00  -3.2425719e-01
   2.0000000e+00  -6.8074444e-01  -8.6542111e-02   1.0474722e+00  -1.2871923e-01   1.2070970e-01  -8.2259710e-01
   1.0000000e+00   1.0010596e+00   6.4179392e-01  -8.0640467e-01  -3.1153558e-01   1.5908720e+00   3.1368749e-01
   2.0000000e+00  -9.6466357e-02  -4.4222054e-01   7.7724187e-02   1.1039631e+00   8.7922492e-02   1.0609932e+00
   2.0000000e+00  -5.4174594e-01  -9.2148622e-01   7.3672013e-01  -1.9995565e-01   1.0323455e+00  -9.7821418e-01
   2.0000000e+00  -2.9883986e+00  -1.5193793e+00  -1.2269598e+00  -1.6031260e+00  -2.7912048e-01   9.3418000e-02
   2.0000000e+00  -1.0871826e+00   6.0749551e-01   1.1357780e+00   3.3793994e-01  -1.5223572e+00  -3.2305516e-01
   2.0000000e+00   6.7306540e-01  -4.7525487e-01   1.4890248e+00   5.7899539e-01   1.9379394e+00  -1.1365881e+00
   2.0000000e+00   9.0202601e-01   1.0525721e+00  -2.6511370e+00  -7.1989977e-01   5.5834869e-01  -1.1898363e+00
   2.0000000e+00  -3.2258903e-01   2.0391563e+00   4.4368733e-01  -1.7512400e-01  -7.1604288e-01  -2.1152294e+00
   1.0000000e+00  -5.0112695e-01  -4.6917528e-01  -5.5376480e-02  -7.9445259e-01   3.8683593e-01   1.3716894e-01
   2.0000000e+00   5.4903998e-01  -4.2516077e-01  -9.1589576e-01   1.2228965e+00   9.4374358e-01   3.2184190e+00
   2.0000000e+00   9.3035190e-01   2.6972083e-01   1.8210591e+00   6.2511219e-01  -8.6387111e-01  -4.4291048e-01
   2.0000000e+00   1.9722499e+00  -2.1735926e-01  -3.9073909e-01  -2.0577492e+00  -3.3164549e-01   8.3026857e-01
   2.0000000e+00   4.3357527e-02   6.2583664e-01   1.6545177e+00  -3.1877535e-01   2.7801382e-01   1.1980760e+00
   2.0000000e+00  -4.7501722e-01  -8.1983320e-01   1.5734494e+00   8.9859083e-02  -1.6260851e+00  -1.1341130e+00
   2.0000000e+00   8.9333842e-01  -4.5710543e-02   9.7815682e-01  -1.0133671e-01   1.8287536e+00  -7.7801011e-01
   2.0000000e+00   6.6124261e-01   4.5933491e-01   8.0438666e-01  -1.1164792e+00   1.6094832e+00  -1.0024823e-01
   2.0000000e+00  -7.1466587e-01  -4.3954195e-02   8.9883854e-01   7.3492091e-02   1.8795246e+00   1.1504121e+00
   2.0000000e+00  -6.4947793e-01   4.4524968e-01  -1.0759308e-01  -1.0800332e+00   6.6485111e-01   6.7774435e-01
   2.0000000e+00  -5.3080384e-01   4.7209421e-01   9.5219687e-01   1.5922853e+00   3.5513797e-01  -2.8658252e-01
   2.0000000e+00   3.3463966e-01  -2.0841794e-01  -3.5183033e-01   2.1179589e+00  -7.4740344e-01   9.9556876e-01
   2.0000000e+00   2.3595930e-02  -6.2575373e-01   2.3119163e-01   3.6841536e-01  -5.4063498e-01  -7.5020388e-02
   2.0000000e+00   6.5329765e-01  -8.1068633e-01  -6.9669578e-01  -1.1574930e+00  -6.1087313e-01   6.0968019e-01
   2.0000000e+00  -1.4494362e-01   1.2622979e+00   4.4488882e-01   3.4962135e-01  -1.6139037e-01   1.3443228e+00
   1.0000000e+00   6.9840185e-01   3.2228117e-01  -6.9225464e-01   2.5246721e-01   1.4420954e+00   9.5957200e-01
   2.0000000e+00  -2.6277884e+00   9.4792157e-01   3.2283692e-01   1.2191918e+00   1.6607294e+00   7.3492291e-01
   2.0000000e+00  -8.7167854e-01   1.4737349e-01   1.0386232e+00  -1.4706043e+00  -2.7642426e-01  -7.7720396e-01
   2.0000000e+00  -1.2750562e+00   1.8904694e+00   8.9397456e-01   1.4404038e-01  -2.9611394e-01  -1.7878993e-01
   2.0000000e+00   9.9176420e-01  -9.7283611e-01   1.4805758e+00   5.9195713e-01  -1.1929322e+00  -2.5251879e+00
   2.0000000e+00   1.9788995e+00  -1.5714965e-01  -3.6784355e-01  -1.6776984e+00  -2.1086236e-01   8.1162310e-01
   1.0000000e+00   9.8603404e-03   7.4576697e-01   9.7304786e-01  -9.1263440e-01  -1.0823120e+00   2.1602554e-01
   2.0000000e+00  -9.3946634e-01  -8.9481322e-01  -1.2783618e+00   9.2726668e-01   5.9739232e-01  -1.3951727e+00
   2.0000000e+00  -3.8298293e-01   4.2367665e-01   4.4714288e-01  -6.3090275e-01   5.6453026e-01  -1.7934214e+00
   1.0000000e+00   7.5448379e-02  -1.2770076e+00  -1.2688074e+00  -4.5621511e-01  -7.3288461e-01   7.1476502e-01
   2.0000000e+00  -6.0824799e-01   5.7742423e-02  -2.9830954e-01  -5.3065632e-01   3.7115014e-01  -4.9156618e-01
   1.0000000e+00  -1.2519557e-01  -9.2698246e-01   3.5905968e-01  -1.5396707e-01  -5.7773862e-01   4.6685174e-02
   2.0000000e+00  -1.7391278e+00   6.2201776e-01   8.4664179e-02  -5.7085549e-01  -1.1425167e+00   9.2632915e-01
   2.0000000e+00   8.2455436e-01  -1.7900959e+00  -2.7180256e+00   3.6528934e-01  -2.1744315e+00  -8.4012996e-01
   1.0000000e+00   1.6606561e+00   8.8934922e-01   6.9339306e-01   3.3375474e-01   4.2072457e-01   7.3555179e-01
   2.0000000e+00   2.0686349e+00  -7.3781738e-01   8.8911679e-01  -1.0716332e+00  -1.0801286e+00  -1.2252089e+00
   2.0000000e+00   1.4078195e+00   4.2927732e-01   2.7138362e-01   5.9263024e-01  -2.2724756e+00  -8.3066113e-01
   2.0000000e+00  -4.2506404e-01  -1.5660884e+00   1.2741848e+00   7.1159894e-01  -1.6529455e+00  -5.9965877e-01
   2.0000000e+00   1.6068021e-01  -2.1398129e+00  -5.0654325e-01   1.1523745e+00  -4.1077405e-01  -3.5385389e-01
   2.0000000e+00   7.4455795e-01  -1.3903606e+00  -1.2287300e+00   1.7187449e-01   2.9331521e-01  -6.1366302e-01
   2.0000000e+00   6.1050983e-01  -1.5095002e-01   1.3750367e+00   7.2313503e-01   1.0152126e-01   9.9135838e-01
   1.0000000e+00  -2.9869227e-01   7.2735721e-01  -3.0643294e-01   4.9158315e-01  -6.2169049e-03   8.0673059e-01
   2.0000000e+00  -1.9417428e+00   9.5084209e-01  -1.6436330e+00   1.6907394e+00   7.8977714e-01   1.4435439e+00
   2.0000000e+00  -7.3633372e-01  -7.2162852e-01   6.2873647e-01  -2.6723870e-01   8.9022007e-01  -2.4287813e-01
   2.0000000e+00   2.8295400e-01   9.3373042e-01  -8.1729347e-01   2.1542988e-01  -4.2526777e-01   2.6547849e+00
   2.0000000e+00  -1.7628184e+00  -1.8098468e+00   5.7114835e-01  -2.7748751e+00   1.9071759e-01   6.1159498e-01
   2.0000000e+00  -2.9403072e-01  -1.9838844e+00   3.4964118e-01   1.8464625e-01   2.3565648e+00  -5.3971120e-01
   2.0000000e+00  -6.9872111e-01  -2.8977740e-01   6.4699835e-01  -2.7593530e-01   1.9178206e+00   8.7779633e-01
   2.0000000e+00   2.6832512e-01  -7.9822905e-01  -8.0700404e-02   1.0129979e+00   9.9783816e-01   4.0503110e-01
   2.0000000e+00  -6.8590012e-01   5.1735637e-01   7.4002583e-01  -7.8939459e-01   1.0858749e+00   1.0890274e+00
   2.0000000e+00   4.3832947e-01  -2.4063127e-01  -9.5248531e-02  -7.7113690e-01   1.0121786e+00   7.1369412e-01
   2.0000000e+00   1.8561767e+00  -4.3011528e-01   1.0476633e+00  -1.9245019e+00  -1.8182985e+00   6.5331074e-02
   1.0000000e+00   1.5435442e-01  -1.7324642e-01   4.2101465e-01   1.5971450e-01  -7.3949587e-01   7.6769070e-01
   2.0000000e+00   1.1061646e+00   9.2396960e-02  -6.0905885e-01   9.1340060e-01   6.9477318e-01  -5.3580780e-03
   2.0000000e+00  -6.2573842e-01  -9.0127094e-01  -4.2153376e-02   1.1086640e+00   9.8501006e-01  -1.8433191e-01
   2.0000000e+00  -2.2795654e-01   1.0695816e+00  -8.3712820e-01  -1.1707933e+00  -1.2628802e+00  -8.2177257e-01
   1.0000000e+00  -1.5068874e-01  -3.8451480e-01  -5.7226201e-01  -6.3063594e-01   5.8305715e-02   6.4734836e-01
   1.0000000e+00  -5.2656882e-01   5.1112675e-01  -8.4882598e-01   4.7532981e-01  -6.3845454e-01   6.9201874e-01
   2.0000000e+00  -8.8953010e-02  -5.9015926e-01   1.9638929e+00  -7.3857200e-01   1.0703082e+00  -1.5116278e-01
   2.0000000e+00  -3.7441425e-01  -5.9296647e-01   3.5509120e-01   1.2262406e+00   7.3106019e-01   2.0301370e+00
   2.0000000e+00   8.9331331e-01  -6.7242034e-01  -1.0178045e+00   7.2465292e-01  -1.2979854e-01  -2.2822399e+00
   2.0000000e+00   6.5669049e-02  -5.6085648e-01  -1.2871099e-03  -9.6162708e-01   1.4520603e+00  -2.4034849e-01
   1.0000000e+00  -5.5319159e-01   1.1590837e+00   9.1319792e-01   6.7112154e-01   9.9860185e-01   5.8302613e-01
   2.0000000e+00  -8.0152452e-01   7.0745523e-01  -1.0012886e+00  -1.7511474e-01   4.3579684e-01  -9.7426830e-01
   2.0000000e+00   1.0199620e+00   7.2517838e-01   7.0157246e-02   3.0454251e-01   6.5762560e-02  -1.2015745e+00
   2.0000000e+00   3.1807539e-01   2.1487914e+00  -4.4575352e-01   3.0298771e-01  -4.6893233e-01  -3.0360540e-01
   2.0000000e+00   1.1326995e+00  -3.2229357e-03   3.8068361e-02  -1.7935745e-02  -4.2277216e-01  -8.1856145e-01
   2.0000000e+00  -1.2882411e-01   1.9690130e-01  -1.2701014e+00   2.9735637e-02  -5.8126063e-01  -7.4083455e-01
   2.0000000e+00   1.3927638e+00   1.2115038e+00   2.5533875e-01   4.2522049e-01   3.4419090e-02   1.3450745e+00
   1.0000000e+00   1.1359801e+00   1.9045296e+00   3.7110201e-01  -4.9935071e-01  -1.3758435e+00   6.0796586e-01
   1.0000000e+00  -6.8865588e-01   1.1290604e+00  -6.3670795e-01  -3.6341429e-01  -1.0701313e+00   8.9831609e-01
   1.0000000e+00   9.4812367e-01  -4.5138216e-01   3.0641798e-01   9.7759498e-02  -4.0789881e-02   4.0018653e-01
   2.0000000e+00  -5.1876052e-01   4.6890109e-01   1.2434855e+00  -3.3253576e-01  -6.5349930e-03  -1.8167453e-01
   2.0000000e+00   8.0446020e-01   4.1323333e-01  -2.5681549e-01  -2.7600108e-01  -1.2745325e+00  -3.0103122e-01
   1.0000000e+00  -2.3773233e-01  -1.7949316e+00  -4.0388805e-01  -1.7201898e-01  -1.0514569e+00   1.7178482e-01
   2.0000000e+00   7.4474205e-01   2.3232576e+00   2.1555876e-02   1.2481612e+00  -5.0775772e-01   1.0402001e+00
   2.0000000e+00   6.7672024e-02  -2.0868479e+00   8.3724827e-01  -3.6052764e-01  -2.3511487e-01  -5.7308115e-02
   2.0000000e+00   1.7760967e-01  -1.5843757e+00   5.7465684e-01  -1.4448846e+00   8.7711369e-01  -1.6745233e+00
   1.0000000e+00   8.0742785e-01  -1.0519899e+00   1.1024321e+00   3.5138805e-01   1.3999440e+00   4.0105304e-02
   2.0000000e+00  -1.1394433e-01  -1.0007937e+00  -1.1006072e+00  -6.6719640e-01   2.7159784e-01  -9.7990156e-01
   2.0000000e+00   9.4924231e-01  -2.6103455e+00  -1.8445683e+00  -6.4970743e-01  -1.6052539e+00   1.4179350e+00
   2.0000000e+00  -2.8475126e-01   2.0031609e+00  -3.8226018e-02  -1.9118765e+00   1.9289071e+00  -2.9341732e-01
   1.0000000e+00   7.6397265e-01  -5.9415004e-01   5.0207854e-01  -7.4342334e-02  -3.3986944e-01   4.9161279e-01
   2.0000000e+00  -2.2033156e+00   7.8415251e-01  -5.2312674e-01  -7.4881124e-01   4.1174283e-02   7.4185448e-01
   2.0000000e+00   8.3250445e-02  -1.0069464e+00   1.9970508e+00  -1.6377090e+00  -8.4156489e-01   9.0819914e-01
   2.0000000e+00  -1.4269710e+00   2.1173922e-02   7.9111196e-01   1.1408394e+00  -1.7078718e+00  -4.1351922e-01
   2.0000000e+00  -1.9445364e-01  -1.9893280e+00   1.1168601e+00  -2.0573791e+00  -1.8422274e+00  -8.0792097e-01
   2.0000000e+00  -4.6407226e-01  -1.5452128e+00  -1.6355187e+00   1.0696205e-01   1.7128744e+00  -1.7794838e+00
   2.0000000e+00   3.3500618e-02   8.4020048e-01   1.0313560e+00   2.4961773e-01  -1.4643357e+00  -7.4485914e-02
   1.0000000e+00   2.6697127e-01   3.7743702e-01  -2.3024946e+00   1.0990322e-01  -1.9794402e-01   5.6406808e-01
   1.0000000e+00   3.1735139e-01  -4.3915180e-01   5.1943110e-01  -7.0304380e-01   8.2525817e-01   3.8109010e-01
   1.0000000e+00  -4.8556011e-02  -3.3604017e-01   7.2520893e-01  -9.6400319e-01   7.6639028e-02   1.3012091e-01
   1.0000000e+00   3.0135682e-02   1.4615709e+00   3.2029939e-01   4.2617456e-01   7.2910028e-01   5.1500571e-01
   2.0000000e+00  -2.2455515e+00   2.3356319e-01   4.9272150e-02   1.5253731e+00  -1.3777319e-01   1.3516466e+00
   2.0000000e+00   2.7652531e-01  -1.9911571e-01  -4.7923837e-01  -1.6045611e-01  -6.4027553e-01   1.9858351e+00
   2.0000000e+00  -1.1308802e-01  -8.5041475e-02   1.6238114e+00  -2.0112821e+00  -1.0289407e+00   1.6610402e+00
   2.0000000e+00  -5.4223642e-01   7.3375888e-01  -1.1507903e+00  -1.8929613e+00   2.5082582e-01  -1.3295806e+00
   2.0000000e+00   4.7363710e-01   1.1087703e+00   1.3581527e+00   1.0293246e-02  -2.3436870e-01  -4.7896853e-01
   2.0000000e+00   4.4640438e-01  -6.6447036e-01  -1.4734690e+00  -3.7766366e-01  -1.0224542e+00  -7.9391061e-01
   2.0000000e+00  -4.3346692e-01   6.2129752e-01  -3.0660467e-01  -4.2844408e-02  -1.7113548e-01   1.3458595e+00
   2.0000000e+00  -8.1878893e-01  -7.3252781e-01   8.6417591e-01  -1.1599754e+00  -2.4234851e+00  -1.4663888e-01
   1.0000000e+00   7.6548197e-01  -2.8255287e-01   4.7959091e-01  -8.1111920e-01  -1.3976124e-01   2.5804030e-01
   2.0000000e+00  -1.2700726e+00   5.1773186e-01  -3.9780850e-01   3.0009003e-01  -1.0099324e+00  -6.4467569e-01
   2.0000000e+00  -1.2802139e-01  -4.2986182e-01  -1.1412994e+00   3.4367543e-01  -3.6138649e-01  -3.8332712e-01
   2.0000000e+00  -4.0219754e-01   1.5309720e+00  -1.2090240e-01   1.2316651e+00   1.2672641e+00   1.6839373e-01
   2.0000000e+00  -1.0052198e+00   6.5482451e-01   1.3866866e+00  -2.4590780e-01  -2.6809499e+00  -1.6831298e+00
   2.0000000e+00  -4.4950074e-01   7.6439691e-01   8.8818914e-01   4.8588321e-02  -5.2505469e-01   1.3750864e+00
   1.0000000e+00  -2.6291413e-01  -1.2936035e-02  -1.4136164e+00  -1.9035962e-01   3.0062371e-01   8.8847845e-01
   2.0000000e+00  -4.1472952e-01  -5.5395010e-01  -7.7909739e-01   3.7166810e-01   1.9424205e+00  -1.8992744e+00
   2.0000000e+00  -1.2109816e+00  -5.4095524e-01   1.2292809e+00   1.1623459e-01  -1.8782840e-01  -3.1972269e-01
   2.0000000e+00   1.9436949e+00   4.7500423e-01  -7.7501115e-01   1.0400238e+00  -1.3002563e+00   6.0128413e-01
   2.0000000e+00   4.9714157e-01   1.2883842e+00  -6.5059284e-01  -1.2240452e+00   8.9356687e-01   1.3341252e+00
   1.0000000e+00   1.0610839e+00  -9.7184791e-01   7.4127713e-01   3.3326867e-01  -6.9619734e-01   8.3960934e-01
   2.0000000e+00   8.8481393e-01   1.2518967e+00   1.1358505e+00   1.5427944e+00   1.5054632e-01  -9.1668748e-01
   2.0000000e+00   7.6211331e-01   1.1502770e+00   1.1293789e+00  -7.0009867e-01   1.0905351e+00   1.6658759e+00
   2.0000000e+00   4.9114354e-01  -6.9957777e-01  -4.5512461e-01   3.9595521e-03  -7.7479545e-02   1.0833076e+00
   2.0000000e+00  -8.6262802e-01  -2.8545686e-01  -8.4021225e-01   3.4612628e-01   2.4188479e-02   1.7306686e+00
   1.0000000e+00  -1.0671420e+00  -1.4003903e+00  -1.4284221e+00  -8.6560894e-01   1.2302721e-01   1.2369696e-02
   1.0000000e+00  -6.1918580e-01   1.7339724e-01  -9.4850226e-01  -1.9727500e-01   4.9305802e-01   5.5885914e-01
   2.0000000e+00   4.3371077e-01  -6.2920237e-01  -1.3587301e+00  -8.7704473e-01  -1.1329935e+00  -3.6443537e-01
   2.0000000e+00  -9.7910727e-01   1.2288508e+00  -8.7365592e-01   1.2255626e+00  -8.3472142e-01  -1.2397120e+00
   1.0000000e+00   2.7211553e-01   6.4489133e-02  -4.7101617e-01  -5.1621930e-01   6.3307654e-01   7.6162192e-02
   1.0000000e+00  -3.6145715e-01  -6.1093948e-01  -6.3719476e-01   3.2835119e-01  -3.7362654e-01   2.3789575e-01
   2.0000000e+00  -1.6751283e+00  -2.2188284e-01  -3.2186632e-01   9.8237133e-01   8.9652168e-01  -7.5736756e-01
   2.0000000e+00  -6.2119576e-01  -1.5968894e+00  -4.4470855e-01   9.6100480e-02  -4.6680626e-01  -1.4692082e+00
   2.0000000e+00   4.6392465e-01   4.3851892e-01  -2.4713653e-01  -5.3934107e-01   8.1152763e-01  -1.6088200e+00
   2.0000000e+00  -1.9404587e+00  -1.1586513e+00   7.2232394e-01   5.6389018e-01   3.8004144e-02  -1.2465154e+00
   2.0000000e+00  -1.1252876e+00   2.2211178e+00  -1.2441262e-01  -6.6029591e-01  -1.7499042e+00  -5.5950649e-01
   1.0000000e+00   2.4945388e-01  -1.5013552e-01  -6.9477866e-02   6.5395797e-01  -7.2112584e-01   5.3923764e-01
   2.0000000e+00   2.1565736e+00   8.0609461e-01   1.2417887e-01   1.0745348e+00   4.7564030e-01  -1.4761179e+00
   2.0000000e+00   8.7448884e-01  -1.4820103e+00  -1.0385831e+00  -1.9348675e-01   2.7354247e+00   1.6522628e+00
   2.0000000e+00   9.6531359e-01   5.2108541e-01   4.8164753e-01   1.7317542e+00  -1.1031423e+00  -1.7018884e+00
   2.0000000e+00   4.1800558e-01  -7.5001490e-02  -2.0318776e-01  -1.0344621e-01  -1.0775774e+00   1.4845670e+00
   2.0000000e+00  -1.8023575e-01   1.1275310e+00   1.7577173e-01  -2.3154781e-01   4.4760656e-01  -9.2053570e-01
   1.0000000e+00   1.7559020e+00  -6.2470023e-02   1.7156961e+00   5.5179128e-01   1.6515334e+00   4.8806333e-01
   1.0000000e+00  -1.6722112e+00   2.6136409e-01  -6.5975381e-01   3.5346176e-01  -8.4787280e-02   5.2334767e-01
   1.0000000e+00  -4.4760748e-01  -8.5753454e-01  -4.4903236e-01   5.7239431e-01   1.0521458e+00   1.6486102e-01
   2.0000000e+00  -1.9942772e+00   2.7670006e-01   2.6154281e-01  -1.3425153e-01   1.5260793e+00  -9.7004185e-01
   2.0000000e+00  -1.2981446e+00  -4.7644602e-01   1.6184452e+00   8.5143878e-01  -5.9594931e-02   1.1441677e+00
   2.0000000e+00  -1.2801338e+00   9.0682462e-01   2.0879013e+00  -9.1265256e-01   1.7897494e-01   8.6806942e-01
   2.0000000e+00   9.9380242e-01   4.5692571e-01  -1.1441663e-01   5.2687123e-01  -9.1741960e-02  -1.5681648e+00
   2.0000000e+00  -1.4780357e+00   3.0863559e-01  -3.3857876e-01   2.3374829e-01  -3.0793024e-01   1.6865697e+00
   1.0000000e+00  -3.2994681e-01  -2.1935259e+00   1.7180675e+00  -8.6116889e-01  -5.3979284e-01   1.1158082e-01
   2.0000000e+00  -8.2749902e-01  -7.3239226e-01  -1.0683406e+00   1.6663507e+00   5.5333016e-02   1.3250332e+00
   1.0000000e+00  -3.5276187e-01   9.1202138e-01  -3.8001392e-01  -1.3197411e-01   6.1963948e-01   3.0142914e-03
   2.0000000e+00  -8.6816378e-01   3.6701594e-01   6.1849140e-01   1.1071658e-01  -6.8351858e-02  -1.0534421e-01
   2.0000000e+00   9.5103424e-01   5.8391227e-01   1.2857779e+00   1.5828558e+00  -5.0342355e-02   8.7084974e-01
   2.0000000e+00  -1.5882358e+00  -1.5783829e+00   1.3482190e+00   9.4877670e-01  -6.0872489e-01  -5.1864921e-01
   2.0000000e+00  -9.0275735e-01   7.3447482e-01  -8.3245122e-01  -6.2182358e-01  -4.9063448e-01  -5.4185644e-01
   2.0000000e+00   2.9623857e-01  -7.5182047e-01  -9.1683447e-01   3.1700922e-01   1.7753923e+00  -5.6906427e-01
   1.0000000e+00   9.7824755e-01   1.2757794e+00  -3.6282718e-02   3.6759717e-01   8.3425646e-01   1.4744674e-03
   2.0000000e+00  -2.6225030e-01  -5.5496986e-01   5.5403510e-01  -1.1470366e+00   1.8739900e+00   5.0332648e-02
   2.0000000e+00   9.9185499e-01   1.7358814e+00  -4.8094179e-01   6.1881894e-01  -1.0865946e+00  -4.2241584e-01
   1.0000000e+00  -5.4232262e-01  -7.8765103e-01   1.2051175e+00  -4.6522520e-02  -1.1002175e-01   3.3910429e-01
   2.0000000e+00  -1.7334760e+00   1.7309113e-01  -8.7291239e-01   1.4288564e+00   1.4631862e-01   2.6813195e+00
   2.0000000e+00  -5.9535231e-01   1.7245334e+00   7.4841928e-01  -5.3566068e-01   7.6476862e-01  -2.2535864e+00
   1.0000000e+00  -9.4094082e-01  -8.6346809e-03  -1.1968467e+00   5.2899663e-01   1.2550004e-01   5.4758472e-02
   2.0000000e+00  -1.4675148e+00   1.1261974e+00   8.5587935e-01   4.1663163e-01   1.7928598e+00  -9.7500074e-01
   2.0000000e+00  -5.2056056e-01  -1.6333605e+00  -5.6402577e-01  -5.8644797e-01  -7.0512186e-01   1.3668215e+00
   1.0000000e+00  -3.4866904e-01  -1.1917876e+00   7.4689320e-01  -4.2882522e-01  -4.6972614e-01   1.7363832e-01
   2.0000000e+00  -6.4204837e-01   3.5393142e-02  -6.9986737e-01  -1.8681882e+00  -1.5278494e-01   8.9928591e-02
   2.0000000e+00   2.0143285e+00   1.1491653e+00   1.1101061e+00  -6.8149587e-01   2.0812422e+00  -9.6764814e-01
   2.0000000e+00  -3.1910145e-01  -7.2112150e-02  -1.8209541e-01  -6.6297439e-01  -4.1523929e-01  -7.5880956e-01
   1.0000000e+00  -2.7228943e-01  -7.1738308e-01  -1.5366042e+00  -9.0717318e-01  -1.9276627e-01   4.7624067e-02
   2.0000000e+00   7.7360232e-01  -3.6337253e-01   2.7518804e+00  -1.1496618e+00  -8.1069423e-01   1.1144121e+00
   2.0000000e+00   3.6159987e-01   1.2303300e+00   3.7351319e-01   1.1961052e+00   1.9412289e+00   2.4957524e-01
   2.0000000e+00   5.0277387e-01   9.5698380e-01  -9.4034879e-01   5.6100420e-01   1.4501067e+00  -1.4259586e+00
   1.0000000e+00   5.5604868e-01  -4.1378986e-01   1.0276794e+00  -8.0079127e-02  -3.1452881e-01   5.5578660e-01
   2.0000000e+00  -1.1746748e+00  -1.8093675e-01  -1.4828812e+00   4.9759102e-02   6.6368324e-01  -1.5397774e-01
   2.0000000e+00   5.4984512e-01  -1.2442456e+00  -8.7885801e-02  -3.1436837e-01  -9.3258865e-01  -3.0378865e-01
   2.0000000e+00   9.1931282e-01   1.1729153e-01   1.0854126e-01   5.9165742e-01   8.5725490e-01   1.8611498e+00
   1.0000000e+00  -2.2954896e-01   8.0974958e-01  -3.1383454e-02   5.1539049e-01   9.0003003e-01   4.1278467e-01
   2.0000000e+00   2.1648397e-01  -1.8718341e-02  -9.0225009e-01   3.1057376e-01  -1.8547266e-02  -1.5422635e+00
   2.0000000e+00   2.2468065e-01   1.7221308e-01   1.7302637e+00   1.5574919e+00   8.6793911e-01   7.5280359e-02
   1.0000000e+00  -4.8167542e-01   1.6419629e+00   3.0327739e-01  -2.0822532e-02   4.0345630e-01   4.5194723e-03
   2.0000000e+00   6.2483975e-01  -2.9754338e-01   9.1394231e-01   6.2380148e-01   2.3591250e-02  -7.7410838e-01
   2.0000000e+00  -1.3308923e+00  -4.6632522e-01  -1.9409957e-01  -1.6508407e+00  -2.3770447e+00  -6.3720945e-01
   1.0000000e+00  -5.9493518e-01   6.2065609e-02  -6.7732558e-01  -8.3518693e-01  -9.7319319e-01   4.9220082e-01
   2.0000000e+00  -1.4615956e-01  -2.7734723e-01  -1.0792076e+00  -2.7205271e+00   4.9168601e-01   6.4105492e-01
   2.0000000e+00   3.7294808e-01  -4.9047063e-03   1.0225071e+00  -1.7819015e-01  -1.8294846e-01  -1.0401349e+00
   2.0000000e+00  -6.7512087e-01  -1.3577597e-01  -3.0054743e-01  -1.4046858e+00   1.4808993e+00  -1.0463115e+00
   1.0000000e+00   2.9173888e-01  -4.7445950e-01  -9.3737362e-01   3.2841402e-01   5.3507111e-01   5.1316439e-01
   1.0000000e+00  -4.5178023e-01   1.1250545e+00   6.9832498e-01  -8.8330389e-02   6.8348446e-01   7.5114400e-02
   2.0000000e+00   1.0794637e+00  -1.1925322e+00   5.5736287e-01   1.2276671e+00   6.2456510e-01  -4.6246932e-01
   2.0000000e+00   5.5544429e-01  -6.9596325e-01   5.1793302e-01   6.4289398e-01   1.3991389e+00  -1.4320815e+00
   2.0000000e+00  -9.9596878e-01   1.1378379e+00   1.6221989e+00  -9.4417413e-02  -9.3208779e-01  -1.6570925e+00
   2.0000000e+00  -1.4579612e+00  -1.6900904e-01   8.9586444e-01   1.4214628e+00   4.2802137e-01   1.6219574e-01
   2.0000000e+00  -1.0066195e+00   1.9591602e+00  -8.3739661e-01   1.1608527e-01   1.6079094e+00  -2.9319000e-01
   2.0000000e+00  -4.2415928e-01   9.6449820e-02  -8.3757910e-01   3.6425076e-01   5.7726343e-01  -7.6470239e-01
   2.0000000e+00  -3.1794894e-01  -5.7239344e-01   4.6793837e-01   1.0988266e+00  -2.0724672e-03  -7.6963962e-01
   2.0000000e+00  -8.9020745e-01  -8.6963094e-01   1.0520444e+00   4.9401153e-01   8.7816774e-01  -3.9840522e-01
   2.0000000e+00   1.5934645e+00   1.5751352e-01   1.3426056e+00   9.7551694e-01   2.5086554e-02  -1.5628029e+00
   2.0000000e+00   1.0320077e+00   1.1294996e+00   1.7522835e-02   1.2496766e+00   5.0200529e-01  -1.1232591e+00
   2.0000000e+00  -4.7575044e-01   7.3360981e-01   1.7083580e+00  -6.1648924e-01  -3.3679587e-01  -9.7394759e-02
   2.0000000e+00   2.0864677e+00   1.9051920e+00  -2.4950639e+00   9.6990985e-01  -4.4631773e-01  -1.3811561e+00
   2.0000000e+00  -4.9994585e-01  -2.3607947e+00   3.9343391e-01  -8.8331293e-03  -1.1861771e-01   1.4877956e+00
   2.0000000e+00   1.1490351e+00   4.4131691e-01   3.3597918e-01  -1.4114214e+00  -1.0789047e+00   1.0965828e+00
   2.0000000e+00   5.1363013e-01   1.5093283e+00   2.1544060e+00  -7.3816126e-01  -1.6409715e+00   1.4325652e+00
   2.0000000e+00  -7.3450507e-01  -1.3742728e+00   1.4228643e+00   1.3695857e+00   5.0792908e-01   1.6618333e-01
   2.0000000e+00   1.7451973e+00  -1.7476169e+00  -6.4183133e-01  -1.0653086e+00  -2.5401127e-01  -6.1819481e-01
   1.0000000e+00   1.2432455e-01  -1.6752805e-01  -2.2802048e-01   2.8530876e-01   4.2094492e-01   3.1797932e-01
   2.0000000e+00  -6.8396594e-01  -1.3419351e+00   1.2193474e+00  -2.5858044e-01  -9.8777153e-01   9.8850093e-01
   2.0000000e+00  -4.9551022e-01   4.8402722e-01  -1.0528059e+00   5.3887445e-01   3.8657173e-01   1.1899585e+00
   2.0000000e+00   2.9690072e-02  -2.2313236e-01  -9.1423176e-01  -9.8717166e-01   2.3844146e+00  -1.3466666e+00
   1.0000000e+00  -7.1582605e-01   4.6224724e-01   9.1565480e-01  -2.2557119e-01  -1.6719264e-01   8.5779534e-02
   2.0000000e+00  -1.2189219e+00   5.3068574e-01   2.3238193e-01  -6.6527127e-01  -6.8106525e-01   7.9911986e-01
   2.0000000e+00   7.7294847e-01  -2.0391576e+00  -9.6868863e-01   6.8449841e-02   7.4347520e-01   3.0434412e+00
   2.0000000e+00   3.7479553e-01  -1.4750998e+00  -6.9019741e-01  -7.8148770e-01   3.4523137e-01  -5.3277564e-01
   2.0000000e+00  -1.0596300e-01  -1.3841990e+00  -5.0574635e-01   5.8581862e-01  -1.0683636e+00  -3.8976980e-01
   1.0000000e+00  -6.5137619e-01   1.1746773e-01  -9.2718480e-01   8.5733917e-01   9.7569119e-01   1.2489567e-01
   2.0000000e+00  -1.3589970e+00   6.0829958e-03   1.1105044e-02  -8.0950282e-01  -2.1454274e-01  -1.6188542e+00
   1.0000000e+00   3.2421471e-02   7.9271446e-01  -6.6813599e-01  -3.9875060e-01   7.7306590e-01   1.7076060e-01
   2.0000000e+00   2.5624497e-02   1.9146522e+00   2.1369611e+00   6.8520063e-02   1.7426582e-01  -1.3178331e-01
   2.0000000e+00  -1.0582529e-01   1.5136190e+00   3.2855409e-01   6.6396439e-02   3.6263071e-01  -1.3046678e+00
   2.0000000e+00   1.3311157e-01   6.1481487e-01   4.3070382e-01   8.9928604e-01   3.0979144e-01   5.3719002e-01
   1.0000000e+00  -2.9742627e-01  -9.8474407e-01  -2.8311800e-01   1.9167758e-01  -4.0224479e-01   5.0670029e-01
   2.0000000e+00   6.2355273e-01   9.3243965e-01  -1.8782995e+00   4.4927800e-01  -4.0896123e-01  -3.1329518e-01
   2.0000000e+00  -9.4108657e-01  -1.3137442e+00  -5.6214825e-01  -3.5963106e-01   2.5529944e+00   5.3560801e-01
   2.0000000e+00  -8.9180097e-01   1.6506620e-01   1.1792575e+00  -1.3819744e+00   5.0203808e-01  -1.3510471e+00
   2.0000000e+00   4.0145694e-01   1.7888002e+00  -1.4098497e+00   1.4171644e+00  -2.4883526e-01   2.4264349e-01
   2.0000000e+00   9.9123424e-01   6.5454012e-01  -1.0167198e+00  -1.2134044e+00   1.7204875e+00  -1.2481182e+00
   2.0000000e+00   2.3984976e-02   1.0585471e-03   1.8120793e-01  -9.4215404e-03  -6.1741024e-02   1.0585187e+00
   2.0000000e+00   5.5963951e-01   9.8567371e-02   1.3678206e+00  -9.8413712e-01  -1.7962198e-01  -1.2287788e+00
   2.0000000e+00   1.1235008e+00  -1.1216007e+00  -5.8032483e-01   6.1898213e-01  -3.0423088e-01   1.2216735e+00
   2.0000000e+00  -8.3524202e-01   2.5959793e-01   1.5398807e+00   2.1621841e+00  -7.2790607e-01  -2.1155550e-02
   1.0000000e+00   5.3338044e-01   3.4003463e-02  -6.7521700e-01   7.6567587e-01   1.5207418e-01   2.1836133e-01
   2.0000000e+00  -6.5692263e-01  -1.3441839e+00   1.3256742e-03  -1.1864198e+00   9.1488729e-01   3.1214025e-01
   2.0000000e+00  -7.3992730e-01  -9.8174798e-01   1.4969530e-01  -1.8172042e-02  -4.9249979e-01   1.5848887e+00
   2.0000000e+00   4.5877816e-01   6.5285349e-02  -4.6023125e-01   2.1921689e-01   4.5682451e-01  -8.3816337e-01
   2.0000000e+00  -7.4584981e-01   1.9031578e-01  -2.3885653e-01   5.7205244e-01   5.6827224e-01  -1.4442718e+00
   2.0000000e+00   1.3030806e+00  -3.4443766e-01   5.0366704e-02  -2.3627329e-01  -1.4128065e+00  -5.7416287e-01
   1.0000000e+00  -1.5195206e+00  -2.4669525e-01   4.0428451e-02  -2.2164782e-01  -1.1480963e-01   9.1216515e-01
   2.0000000e+00   2.0996769e-01   8.5552702e-01   9.7507074e-02   3.7138508e-01   6.1914615e-01  -1.1075233e+00
   2.0000000e+00   5.8310395e-01   1.1006593e+00   1.2729775e-01   1.5600763e+00  -2.7224495e-01  -2.0563478e-01
   2.0000000e+00   5.1409332e-02   3.1830678e-01  -7.2224571e-01  -5.4998582e-01  -5.2012181e-02   8.6787988e-01
   2.0000000e+00  -9.2515411e-02  -2.4317947e-01   4.3437372e-01   7.8417957e-01  -3.7229768e-01  -8.6367523e-01
   2.0000000e+00   2.5260394e-01   5.8509807e-01   5.5595943e-01  -5.3405469e-02   4.8345552e-01  -1.1155421e+00
   1.0000000e+00  -1.7356656e+00   1.2356612e-01  -4.6249620e-01  -5.6703290e-01   2.6226943e-01   5.0002248e-01
   2.0000000e+00  -8.4733567e-01   2.1131475e-01  -1.0985848e+00   1.0924790e+00   6.7323398e-02  -1.8428205e-01
   2.0000000e+00  -6.6490277e-01  -1.1123167e+00   1.4782961e+00  -5.6248174e-01  -2.8940969e-01  -1.6028707e+00
   2.0000000e+00   2.3595098e+00  -1.9606851e+00   3.7060140e-01   1.0351210e+00  -3.1459423e-01   9.4205145e-01
   2.0000000e+00   8.7668325e-02   1.0978456e+00   1.8669116e+00  -8.4926414e-01   9.1568585e-01  -1.1497071e+00
   2.0000000e+00   6.8503739e-01   1.1626055e+00   2.8674356e-01   1.0360866e-01   8.3730845e-01  -1.6180178e-02
   2.0000000e+00  -1.1199905e+00  -2.0940630e-01  -9.9035360e-01  -2.6219318e+00  -9.5669754e-01  -1.2363729e+00
   1.0000000e+00  -3.2931106e+00  -4.3111946e-01   3.0973114e-01  -8.7100280e-01   5.3670326e-01   2.6465263e-01
   2.0000000e+00   6.8410395e-01   5.6599415e-01   7.8594552e-01   2.9695112e-01  -7.6447564e-01  -2.9442908e-01
   2.0000000e+00  -3.4149825e-01   1.5495774e-01  -9.4561071e-01  -2.4532794e+00  -1.0869685e+00  -3.4784094e-01
   2.0000000e+00   2.1292210e-02   1.9771085e+00   3.2599761e-01  -1.0415931e+00   1.6211271e-01   7.7307800e-01
   2.0000000e+00  -5.9350300e-01   7.5147066e-01  -4.4200557e-01   1.4221121e+00  -6.0913395e-02  -1.8170490e-01
   2.0000000e+00   1.8987260e+00   5.7123818e-01   1.3894522e-01   7.0119000e-02   1.1592140e+00  -1.0401445e+00
   2.0000000e+00  -6.8908765e-01  -1.0312624e+00   2.9741458e-01   4.0521240e-01   1.8427832e+00  -1.1607124e+00
   2.0000000e+00   7.3635483e-01  -6.2309952e-01   4.9422257e-02   4.9051214e-01   7.7983485e-01  -4.6726341e-01
   2.0000000e+00  -4.5271123e-01   1.4951606e+00   2.9455547e-01  -9.0394579e-01   8.1879928e-01  -1.5294945e-01
   2.0000000e+00  -7.0020333e-01  -3.1442139e-01  -3.7836785e-01  -3.2721401e-01  -7.3834911e-01  -8.9508591e-01
   1.0000000e+00   1.3330753e-01  -3.3014765e-01   1.9222634e+00  -1.2701784e-01  -5.1946589e-01   1.6350248e-01
   2.0000000e+00   4.4988116e-01  -1.0655789e+00   5.2727395e-01   1.2156901e+00   1.3503587e+00  -1.2927972e-01
   2.0000000e+00  -7.4480319e-01  -1.2382187e+00  -4.2704174e-01  -1.2312984e+00   5.6319102e-01   1.1916509e+00
   2.0000000e+00   1.4059953e+00   1.3508203e+00  -5.4899658e-02   3.3275588e-01   9.2520252e-01  -1.9446971e+00
   2.0000000e+00  -3.9998419e-01  -3.9172599e-01   2.3247226e-01  -1.7641980e+00  -1.3293712e+00  -5.9089902e-01
   2.0000000e+00   3.4986825e-01   1.6998381e-01   1.3256625e+00   9.5539190e-01   1.6213623e+00  -1.0250734e+00
   2.0000000e+00   1.8324738e-02  -9.8272043e-01  -4.1504464e-01  -1.3764333e+00  -1.1953339e+00   8.5845990e-01
   2.0000000e+00   1.0600416e+00   1.7878606e+00   1.6039192e+00   1.1744039e-01  -2.0315735e-01  -1.9815042e+00
   2.0000000e+00   1.9912133e-01  -9.8032898e-01   2.1805786e-01  -2.1219799e-01   5.1198265e-01  -6.7552807e-01
   2.0000000e+00   3.3557372e-01  -8.1341924e-01   5.5819763e-01   8.7143910e-01  -1.2842268e-01   6.9553408e-01
   2.0000000e+00   2.1027737e+00   3.5096395e-01   3.5942122e-01  -7.2369428e-01  -1.4567559e-01  -7.2742651e-01
   2.0000000e+00  -2.8736679e-01  -1.2622740e+00   3.4726776e-01  -2.8081642e+00  -8.0271719e-01  -1.4682924e+00
   1.0000000e+00  -7.2642330e-01  -1.1087793e-01   4.3739766e-01   2.2570512e-01   1.3274903e+00   4.1267173e-01
   2.0000000e+00   1.8692641e-01  -1.1673867e+00   8.6850757e-02  -8.4563686e-01   1.8302623e+00  -3.9251980e-01
   2.0000000e+00  -6.8933283e-01  -3.5904255e-01   1.1793759e+00  -1.9089174e-02  -4.1892966e-01  -1.6214412e+00
   1.0000000e+00   6.8470417e-01  -1.2147884e+00   1.1517309e+00  -4.0858028e-01   5.4983284e-01   6.8284258e-01
   2.0000000e+00   2.8184164e-01   2.5217392e-01   6.5600971e-01  -1.9182400e-01   4.4642045e-01  -1.3884523e-01
   2.0000000e+00   1.1578620e-01   2.0116875e+00   1.2718425e+00   1.0069295e+00   1.4100244e-01  -1.1427960e+00
   2.0000000e+00  -4.9596741e-01  -1.5009890e+00   2.9505279e-01   2.3846727e+00  -3.2491291e-01  -8.6968559e-02
   2.0000000e+00  -1.7088738e+00  -1.0893580e+00  -1.0222935e+00   9.0617628e-01  -8.4204945e-01  -2.1325513e-01
   2.0000000e+00  -1.0809254e+00   3.5579464e-01   1.9917667e+00  -9.3144241e-01   1.3932861e+00   7.2307668e-01
   2.0000000e+00  -1.4920485e+00   3.7387347e-01  -6.6525567e-01  -1.3760523e+00  -5.5281155e-02   4.4014723e-01
   2.0000000e+00   1.1269661e-02  -7.3265261e-01  -6.8590796e-01   2.1758430e-01  -7.3784895e-01   1.4303371e+00
   2.0000000e+00  -1.4811098e-01   4.3023375e-01   1.4876545e+00  -2.3664323e+00   3.9086130e-01  -5.3089823e-01
   2.0000000e+00  -1.0114159e-01  -9.4670439e-01   1.0113346e-02  -2.0362346e-01  -9.6771289e-02  -1.0176046e+00
   2.0000000e+00   1.2282951e+00   6.9428373e-01  -9.9337067e-01  -1.4273506e+00   1.7874000e+00   1.2781098e+00
   2.0000000e+00  -3.5635335e-01   1.8928820e+00   3.7688489e-01  -2.0145186e+00  -8.3718855e-01  -3.6383317e-01
   2.0000000e+00   1.5157527e-01  -3.6932173e-01   4.6554465e-01  -2.2259402e-01  -3.5683021e-01   1.3087087e+00
   2.0000000e+00   5.2783792e-01  -1.4173202e+00   2.3440027e-01  -1.1113775e+00  -3.3181241e-02   1.7914732e+00
   2.0000000e+00  -1.6330214e-01  -8.8297634e-01   4.5616545e-02  -4.3841839e-01   1.7248896e+00   2.1087945e+00
   1.0000000e+00  -5.8416984e-01   1.0282361e-01   1.1669305e+00  -1.4082217e-03  -5.0430011e-01   6.2778026e-01
   2.0000000e+00  -1.2625147e+00  -1.0987268e+00  -9.2213069e-01   3.2116432e-01  -2.0580218e+00   8.9117082e-01
   1.0000000e+00   2.7542069e+00   1.3712616e-01   8.8253515e-01  -6.0307580e-01  -1.8259414e+00   1.7921919e-01
   2.0000000e+00  -4.4346690e-02  -3.6032357e-01  -1.6251446e-03   1.8761501e+00  -1.9553103e-01  -1.3677645e+00
   2.0000000e+00  -1.5028405e+00   8.0832659e-01  -8.0826767e-01  -4.6432531e-01   1.1792978e-01  -5.7603755e-01
   2.0000000e+00  -3.8077258e-02   7.1938755e-01   1.2456270e+00   6.4009981e-01   1.2840909e+00   2.2091318e+00
   2.0000000e+00  -1.2219412e+00   3.8792987e-01  -1.3936364e-01  -8.0163573e-01   1.2151261e+00  -4.0368771e-01
   2.0000000e+00   4.4114579e-01  -7.8196571e-01   9.4696401e-01   4.5937732e-01  -1.6637682e-01   1.0054010e+00
   2.0000000e+00   3.4332304e-01   1.9040717e-01  -4.6890715e-01  -1.3513681e+00  -8.4285884e-01  -1.7153493e-01
   2.0000000e+00  -1.4026505e+00   1.3391712e+00   6.6899488e-01   1.1141167e+00  -6.6063171e-01  -5.1939015e-02
   2.0000000e+00  -6.4259258e-01  -7.9709733e-01   3.6150788e-01   1.4928025e+00  -1.0893454e+00  -7.8785156e-01
   1.0000000e+00  -1.9428069e+00   3.0108415e-01  -6.5426533e-01   7.0044547e-01   7.9940600e-01   3.8977336e-01
   2.0000000e+00  -5.3302197e-01  -1.9443641e+00   3.9567880e-01  -3.9422221e-01   1.0762750e+00  -2.5995176e-01
   1.0000000e+00  -1.2719480e+00  -7.2453060e-01  -2.7973004e-01  -1.7329790e-01  -5.4785296e-01   1.2174546e-01
   1.0000000e+00   4.9081799e-01  -5.5274256e-01  -1.9621734e+00  -7.1184986e-02  -9.5691337e-01   7.8408935e-01
   2.0000000e+00  -1.4024791e+00  -1.0264660e+00   5.2599043e-01   1.6849911e+00   1.6683932e+00   1.3732337e+00
   1.0000000e+00   1.5954477e+00  -5.8321637e-01   5.4460534e-01  -7.1043488e-01   1.0273080e+00   4.6885374e-01
   2.0000000e+00  -6.7504052e-01   7.2360507e-01   1.4199077e+00  -2.4056581e-01   2.2610814e+00  -4.7303737e-02
   2.0000000e+00  -9.6277310e-02  -3.9528502e-01  -1.2336484e+00  -1.0926183e+00   8.1090434e-01   1.3501036e-01
   2.0000000e+00   5.5960033e-01  -6.0436574e-01  -2.6028514e-01   1.0602361e+00   4.5827665e-01  -1.3860912e+00
   2.0000000e+00  -2.7445150e-01  -1.3652250e+00  -8.6075582e-01  -9.3312522e-01   5.1576004e-02   1.9984704e+00
   2.0000000e+00  -1.3066250e+00  -5.1096691e-01   3.4974228e-01   6.4488799e-01   1.2243026e+00  -4.4985331e-01
   1.0000000e+00  -1.3944782e+00   8.1560688e-01  -2.2967267e-01  -4.8601967e-02   1.2666182e+00   9.7356611e-01
   1.0000000e+00   2.2080006e-01   2.7975083e-01  -5.7767352e-01  -4.0622262e-02  -2.9590241e-02   3.0763533e-01
   2.0000000e+00  -1.1565200e+00   7.2934965e-01  -7.0966743e-01   2.3952374e+00  -1.1882900e+00   1.2696792e+00
   2.0000000e+00   1.3668048e+00  -4.4590502e-01   4.6260717e-01  -6.2819314e-01   1.1068491e+00  -2.9237509e-02
   2.0000000e+00  -1.4972492e+00   5.5213384e-01   1.6923298e+00  -5.1788607e-01  -8.0132418e-01  -2.7982318e-01
   2.0000000e+00  -5.0801209e-01   1.8429541e+00   4.8717697e-01  -1.0293276e+00   7.9899498e-01   1.1679936e-01
   2.0000000e+00  -1.1733067e+00   8.6606169e-01   5.4848562e-01   3.3234187e-01   2.1034342e+00  -1.7023968e+00
   2.0000000e+00  -5.5488109e-01   9.5192823e-01   1.4718252e+00   1.6489506e+00   1.4602677e+00  -4.6391561e-01
   1.0000000e+00   1.8083670e+00   4.2195384e-01   1.0693736e-01   2.0058364e-01  -1.5709867e+00   6.1861821e-01
   2.0000000e+00   4.2108980e-01  -7.8257782e-01  -3.7401416e-01  -5.6576289e-01   9.2242778e-01  -1.4267329e+00
   2.0000000e+00  -1.5818318e+00  -5.9138238e-01   1.8609511e+00   1.1743608e+00   2.1063856e-01   4.7233623e-01
   1.0000000e+00   2.5294762e-01  -1.4154949e+00  -2.0637566e-01   1.3367649e-01  -3.8402721e-02   5.5881487e-01
   2.0000000e+00   9.3668533e-01  -2.7905607e+00  -1.7474578e-01   1.6059647e+00   6.8423275e-02  -1.1963914e+00
   2.0000000e+00  -1.0870865e+00   5.3828667e-01   4.1107140e-01   1.7991946e+00  -2.1225143e-02   1.6458948e-01
   2.0000000e+00   5.7562759e-02   1.2771645e-01  -1.6958260e-01   1.3685157e-01   6.9875874e-01  -2.4597058e-01
   2.0000000e+00  -5.3709117e-03   1.6269063e-01   1.8113391e+00   9.2731047e-01  -1.0997044e+00   1.1608478e+00
   2.0000000e+00  -1.2118734e+00   6.8451369e-01   7.2704231e-01   7.0632820e-01   1.3060318e+00   1.1022881e+00
   1.0000000e+00   2.4015142e-01   1.3528101e-01   9.1052462e-01  -3.9266812e-02   5.9102809e-01   4.9534432e-01
   2.0000000e+00  -7.1695304e-01   8.3365882e-01   7.4797644e-01   1.6632536e+00  -6.3106993e-01  -1.5882217e+00
   1.0000000e+00   9.4263864e-01  -2.3541552e+00   1.9479816e+00  -5.6531487e-01   1.3056361e+00   1.4537509e-01
   1.0000000e+00   6.0910832e-01   3.2927125e-01   8.9731609e-01  -3.3839971e-01  -1.9002234e+00   7.2296964e-02
   2.0000000e+00   6.8305301e-03   1.7879739e-01   1.3270630e+00   3.3563595e-01  -1.8885570e-01  -4.7569862e-01
   2.0000000e+00  -6.8826965e-01  -1.7877313e-01   8.6931260e-01  -2.3431564e+00   1.5201742e+00  -1.2016967e+00
   2.0000000e+00   3.2826522e-02  -7.3084763e-01  -2.9456232e-01   1.0367730e-01   5.1453102e-01   1.2634026e+00
   2.0000000e+00   3.4967853e-01   2.4293653e+00  -1.6462019e-02  -6.4894939e-02   4.2877705e-01   1.7833069e+00
   1.0000000e+00  -1.7635995e+00  -3.3007588e-01  -2.1120334e+00   3.5880322e-01   3.5793555e-01   7.1762239e-02
   2.0000000e+00   1.0533630e+00  -4.6918863e-01   2.8472504e-01  -1.0736976e+00   4.0607245e-01  -1.1590062e+00
   2.0000000e+00   4.3171450e-01  -2.0084926e+00   2.1921888e-01  -3.4732942e-01  -1.0346466e+00  -6.3132214e-01
   2.0000000e+00  -5.5014197e-01  -6.7063299e-01   1.0854824e+00   2.5081963e-01   1.6938716e-01  -1.4901056e+00
   2.0000000e+00  -1.1363582e+00  -1.5058114e+00  -5.2427679e-01   7.5527193e-01   1.0478714e+00   9.8662195e-01
   2.0000000e+00   5.2919519e-01   6.0346112e-01  -8.6326642e-02  -1.1218655e+00   7.3634988e-01  -2.2933267e-01
   2.0000000e+00   8.5406741e-01  -1.0426947e+00  -1.5576519e+00   5.4485656e-01   6.5824574e-01  -1.3249685e-01
   2.0000000e+00  -2.2697200e-01  -5.5254767e-01  -2.2297666e+00  -5.5399195e-01  -9.1315520e-01  -2.0088424e+00
   2.0000000e+00  -7.2844643e-01  -5.4689848e-02   1.4246889e+00   1.8105378e+00  -1.1036843e+00   2.1238194e-01
   2.0000000e+00   1.7720055e+00  -1.0246157e+00  -1.2761770e-01  -1.9985532e+00  -7.3360649e-01   1.2223614e+00
   1.0000000e+00   1.8069189e+00  -1.3229217e+00   6.0394789e-01  -1.2459819e-02   4.2440695e-01   8.7444482e-01
   2.0000000e+00   1.9624657e+00  -7.5906264e-01   2.7807842e-01   1.1807643e+00  -1.2616599e+00  -2.0035351e+00
   2.0000000e+00   3.9419702e-01   1.0718849e+00  -4.6276604e-01  -3.2880330e-01  -3.4706983e-01   1.9916410e+00
   2.0000000e+00   3.0771900e-01   1.0852481e+00  -6.4504140e-01  -1.9540169e+00   4.5296794e-02   1.1002569e+00
   1.0000000e+00  -1.5591529e+00  -4.7618963e-02   3.4267848e-02   4.5028408e-03   5.4644329e-01   2.0327674e-01
   2.0000000e+00  -5.6820958e-01   2.3832883e+00  -6.7018481e-01   2.9053160e+00   1.2986072e+00   4.9074113e-01
   1.0000000e+00  -3.3095569e-01  -3.1708687e-01  -5.1210127e-01   3.3018593e-01   9.7750515e-01   5.7644911e-01
   2.0000000e+00  -1.2343017e+00   3.6557962e+00   1.3288138e+00   1.5677545e+00  -1.2381406e-01   4.8217741e-01
   1.0000000e+00   8.5302892e-01   5.7950712e-01  -3.1878843e-01   4.6910175e-01   7.9695196e-01   4.6101125e-01
   2.0000000e+00  -2.8647299e-01  -8.8827509e-01   1.0468939e+00   4.8514800e-01  -6.3156896e-01  -1.8153180e-01
   2.0000000e+00   1.5266217e+00  -6.2849121e-02  -2.9789554e-01   1.1877870e+00  -1.5194780e-01   2.9465853e-02
   1.0000000e+00  -1.6114368e+00   5.6445755e-01  -4.3867309e-01   3.0785573e-01   4.5126433e-02   7.1078210e-01
   1.0000000e+00   5.1010136e-02  -2.9379863e+00  -1.0582239e-01  -1.8569769e-01   1.4163781e+00   3.0486327e-01
   1.0000000e+00   9.3492521e-01   2.1590804e+00   2.4903199e-01   2.3819408e-01   9.8042561e-01   3.9389706e-01
   1.0000000e+00  -1.1268835e+00   3.8546317e-01   3.1290203e-02  -7.2150516e-02  -5.4978269e-01   5.5127864e-01
   2.0000000e+00   1.5938836e+00  -5.8774660e-01  -1.7377349e-02   6.0538802e-03  -2.4437757e+00   1.4636787e+00
