   1.0000000e+00  -8.0808951e-01   8.7098937e-01  -7.2680166e-01  -9.5397267e-01   1.5104823e-01  -2.6129547e-01
   2.0000000e+00  -1.7070746e+00  -1.0885820e+00   9.9274487e-01   7.7657353e-01   8.1634348e-01   7.4580457e-01
   2.0000000e+00   7.9035552e-01   1.9958985e-01  -2.3588863e-01   4.5616443e-02  -3.6313626e-01  -5.1482081e-01
   1.0000000e+00   9.3129727e-01  -1.1000629e-01   5.5955655e-01   1.7447905e-01   9.5997879e-01   6.3958736e-01
   2.0000000e+00   6.2078236e-01   1.9803686e+00  -7.3873239e-01   5.2633291e-01  -1.5036661e+00   4.7729653e-01
   2.0000000e+00   5.4529937e-01  -6.2769465e-02  -1.7239525e+00  -8.4453040e-01  -5.8807663e-01  -1.2596426e+00
   1.0000000e+00   1.0610423e+00   1.8659532e-01  -1.3785797e-01   2.0882880e-01   3.0560742e-01  -1.0784914e+00
   2.0000000e+00   1.3610117e+00   4.7541265e-01   2.0743111e+00   3.3684708e-01   8.8976115e-01   6.3422173e-01
   2.0000000e+00   1.0260163e-01  -8.5281783e-01   1.8034989e-01   1.7802511e-01  -4.8360725e-01  -8.0037204e-02
   2.0000000e+00   3.6381098e-01   9.7854955e-01   9.1477102e-01   9.3675134e-01  -1.3390473e+00  -1.3405451e+00
   2.0000000e+00   1.4301715e-01   2.2198401e-01  -1.1825358e+00  -3.4620814e-01  -3.1023292e-01   1.6489075e-01
   2.0000000e+00  -1.1710882e+00   1.1937055e+00  -1.0749157e+00   1.7096039e+00  -1.3597098e+00   8.8469059e-01
   2.0000000e+00  -1.5294611e+00  -1.3321442e+00   4.7181845e-01  -2.0749972e+00   9.5650659e-01   1.8138521e-01
   2.0000000e+00   6.8787572e-01  -9.2389602e-02  -9.7286554e-01   8.5706821e-01  -5.4895889e-01  -8.7262188e-01
   2.0000000e+00  -1.7904064e-01  -4.5210691e-01  -8.9009730e-02   1.1709832e-01   1.5856878e+00   1.4103269e+00
   2.0000000e+00  -7.3150889e-01  -8.6231812e-01  -1.8508371e-03   5.2590651e-01  -1.0409425e+00  -7.3186442e-02
   1.0000000e+00  -6.3730879e-01   4.7860578e-01   3.7634231e-01   1.4565348e+00   7.0707383e-01  -1.5457014e+00
   2.0000000e+00  -1.2129304e+00   3.7975294e-01   5.3400166e-01  -1.3801238e-01  -4.9063542e-01  -2.2753998e+00
   1.0000000e+00   8.6541438e-02  -2.3797385e-01  -6.7673218e-01  -9.2408185e-01   9.4303504e-01   6.4464135e-02
   2.0000000e+00  -4.1199510e-02   4.6781776e-01  -1.7066803e+00  -4.5240353e-01  -7.3486806e-01  -1.3674913e-01
   2.0000000e+00  -1.4611732e+00   1.6592207e+00  -1.2015293e+00   8.1827141e-01  -5.2876586e-01   1.3480578e+00
   2.0000000e+00   1.0272936e+00  -1.1336791e+00   6.1457513e-01   5.9757892e-01  -1.8716862e-01  -1.5847363e+00
   2.0000000e+00  -2.1229099e-01   9.5800775e-01   6.7406814e-01   3.0225604e-01   1.2837255e+00   6.1811074e-01
   2.0000000e+00   6.7137933e-01   1.9740884e+00   1.0691859e+00   1.0358546e+00   1.9511929e+00  -1.8652997e+00
   2.0000000e+00  -5.0288375e-02   1.2110608e+00   3.4873110e-01   1.7849204e+00   6.2899666e-02   1.1684372e-01
   2.0000000e+00  -1.8548217e-01  -1.4093931e+00  -7.8573922e-01   2.8083686e-01  -2.5694918e-01   3.3835742e-01
   2.0000000e+00   2.9373803e-01   3.8429098e-01   1.5731670e+00   1.5927711e+00   1.6455777e+00  -1.2587957e-01
   1.0000000e+00  -2.2053572e-01   9.6409186e-01  -1.4469993e-01  -1.0739069e+00   7.8657635e-02  -1.3512838e+00
   2.0000000e+00   1.2862628e-02   6.3461946e-02  -4.2089274e-01   1.2281141e+00  -4.2832092e-03   2.5050892e+00
   1.0000000e+00   7.1766637e-01  -4.9427502e-01  -1.4063665e+00   5.4239466e-01   6.7651779e-01  -9.6204327e-01
   2.0000000e+00  -4.9717829e-01  -2.2195520e+00  -2.3853705e-01  -8.9088379e-02   4.1142244e-01   1.4140763e+00
   2.0000000e+00  -1.8557093e+00  -9.0461951e-01  -4.3076474e-01  -1.3337436e+00  -6.8232733e-02  -8.3068756e-02
   2.0000000e+00   1.7547222e-01  -1.8548877e-01   8.1474025e-01   9.4016331e-01   9.9519100e-01  -7.4155320e-01
   2.0000000e+00   1.0843019e+00   7.7177790e-01  -7.6539066e-01   1.3469516e+00  -1.3404591e+00   5.8398530e-01
   2.0000000e+00  -1.3396402e-01  -9.3216457e-01   1.6466353e-01   2.6798019e+00   7.1283922e-01  -1.9004118e+00
   2.0000000e+00  -3.3767641e-01  -3.2330577e-02  -4.6022457e-01  -1.1165815e+00  -4.5106566e-01  -1.7732397e-01
   2.0000000e+00   8.4082633e-01  -1.5110589e-01   2.1371781e-01  -3.1640209e-01  -9.3695146e-01   4.1996454e-01
   2.0000000e+00   6.9645678e-01  -7.4247688e-01   3.8230935e-01   6.4074375e-01  -4.4113649e-01   9.9273334e-02
   2.0000000e+00  -1.8216391e+00   1.5420043e+00  -3.2805043e-02   1.2044168e-01  -3.4886222e-01  -1.2440014e+00
   1.0000000e+00  -3.4080175e-01   2.1641190e-01  -7.5054405e-01   1.7096048e+00   1.3508782e-01   5.9462323e-01
   2.0000000e+00   1.2095653e+00   4.5538616e-01  -1.5412350e+00  -1.5128419e-03   1.0081017e+00   8.5189793e-01
   2.0000000e+00   2.2981652e+00   2.4163085e-01  -3.0741989e-01   4.7091427e-01  -5.4122420e-01   6.1690257e-01
   2.0000000e+00   1.0125525e+00   2.8252000e-01  -1.1777537e+00  -6.3852174e-01   9.6525023e-01  -1.6571053e-01
   2.0000000e+00  -1.0143304e+00  -7.4361128e-01   4.5864153e-01  -1.8439241e-01  -2.2088775e-01  -4.9662197e-01
   1.0000000e+00   2.0155237e+00  -5.2299109e-01  -6.4666375e-02  -7.9648625e-01   1.4932812e-01  -3.6525540e-01
   2.0000000e+00   4.1163201e-01  -8.1644943e-01   7.5910624e-01   4.4315259e-01  -2.1543506e+00   1.3416343e+00
   2.0000000e+00  -1.3887268e-01   1.8181256e+00  -1.4066409e+00  -1.8243746e+00   1.6882527e+00   1.1890443e+00
   2.0000000e+00  -9.8835291e-01  -1.7008422e-01   6.7063968e-01  -1.2983154e+00   1.0022560e+00  -4.2167744e-01
   2.0000000e+00  -6.3694389e-01  -1.2909768e+00  -1.0788331e-01  -1.1909954e-01  -4.6657569e-01  -8.8779994e-01
   2.0000000e+00   9.9436197e-01  -4.0905434e-01  -8.2767801e-01  -6.2898580e-01   2.9937756e+00   1.7722027e+00
   2.0000000e+00   5.9271046e-01   1.4823456e+00   8.0650287e-01  -1.6322165e+00   1.5550839e+00   2.1865118e-01
   2.0000000e+00   7.5215315e-02   4.0600354e-01   1.7378787e+00   6.4318917e-01  -1.4420613e+00   1.0478568e+00
   2.0000000e+00  -5.3984233e-02  -6.5413961e-02  -3.9209582e-01   4.0506589e-01   2.1251548e+00  -3.2857242e-01
   2.0000000e+00  -1.4320583e+00  -8.8641641e-01   2.7299882e-01   2.4729003e-01  -4.7877212e-02   6.5880021e-01
   2.0000000e+00   4.9539680e-01  -8.0658588e-03   1.3607643e+00   5.8855308e-01  -6.3194048e-01  -5.9036681e-01
   2.0000000e+00   1.8390099e+00   9.4846760e-02   1.1874698e+00  -5.0046862e-01  -1.6940778e-01  -7.6292585e-01
   2.0000000e+00  -4.0141055e-01   1.5780969e+00   6.3616124e-01  -5.5266136e-01  -5.0904478e-01   2.1679991e+00
   2.0000000e+00  -2.9627993e-01   1.7128760e+00  -4.7301786e-01  -2.1418679e-02   1.4702860e+00  -1.5365558e-01
   2.0000000e+00  -1.6459122e-01   1.5671693e+00   4.3693846e-01   8.4818656e-01  -1.8277810e+00   2.6637470e+00
   2.0000000e+00  -7.8666481e-02   1.0698659e+00  -7.2931744e-01  -1.5008079e+00  -1.2106488e+00  -4.9444559e-01
   2.0000000e+00  -3.5051626e-01   5.9332990e-01  -2.0877543e-01  -6.2189063e-01   9.0234888e-01  -2.5141786e+00
   1.0000000e+00   3.7613533e-01  -2.0968504e-01   5.5370274e-01  -1.2492106e+00   2.5388933e-01   4.4315598e-01
   2.0000000e+00  -5.7647103e-01   1.6442233e+00   7.4012017e-01   2.4723414e+00   3.8881355e-01  -1.3761764e+00
   2.0000000e+00  -3.5747921e-01   1.9807977e+00  -2.1585950e+00   9.2997226e-01  -1.3179143e+00   1.1517173e+00
   1.0000000e+00   4.9211162e-01   6.6472959e-01   1.3940949e+00   1.1394253e+00   3.3256969e-01  -1.6890503e+00
   2.0000000e+00   1.7041346e+00  -2.8962762e-02  -1.0360513e+00  -1.2680042e+00  -8.1773343e-01  -6.2172961e-01
   2.0000000e+00   1.4972329e+00  -6.4339310e-01  -1.8647660e+00  -1.3392178e-01   1.9322682e+00  -2.3708167e-02
   2.0000000e+00   1.3048695e+00   8.5274777e-01   1.0192662e+00  -5.8572731e-02  -1.3668641e+00   3.4834009e-01
   2.0000000e+00  -2.1610414e-01  -8.2300043e-01   3.6873156e-01   5.5305050e-01  -7.9660658e-02   2.3508485e+00
   2.0000000e+00   5.9443895e-01  -1.4429720e+00  -6.4031199e-01   4.2568365e-01  -1.2366829e+00  -2.3507933e+00
   2.0000000e+00   9.5100160e-01   5.2367886e-04  -1.2248987e+00  -1.9167827e+00  -3.3075782e-01   1.3333766e-01
   2.0000000e+00   6.6876705e-01  -1.9700405e+00   9.3581857e-02  -1.5556233e+00  -3.9877937e-01  -9.4825732e-01
   1.0000000e+00   1.1718404e+00   1.3496756e-01  -4.2283841e-01   3.1909565e-01   9.3185767e-01   1.6007548e+00
   2.0000000e+00  -2.6001063e-01  -2.0865780e-01  -2.1254775e-01   1.3538344e-01   1.2240883e+00   3.5502584e-01
   2.0000000e+00   1.0875047e+00   5.2973529e-02   1.6478888e+00  -6.9766737e-01  -2.6789933e-01  -1.7870931e+00
   2.0000000e+00  -8.8147859e-01   5.6488624e-01  -6.3473931e-01   6.6774129e-01  -7.9867696e-01   7.1675666e-01
   2.0000000e+00  -5.1927396e-01  -1.1535832e+00  -1.1464788e+00   6.8597546e-01  -1.7610745e+00  -7.3071855e-01
   2.0000000e+00   1.6713364e+00  -2.2543960e-01   2.7167465e+00   1.1051305e-01   1.9440819e+00   4.2122910e-01
   1.0000000e+00  -3.4955221e-01   7.5927119e-01  -1.1181212e+00   9.4164007e-01   2.0686674e-01   4.6200479e-01
   2.0000000e+00  -1.0479213e+00   3.2108652e-02  -3.1986439e-01  -6.3111575e-01  -8.4791671e-01  -3.8707163e-01
   2.0000000e+00   2.3484694e-01   1.5437653e-01   2.2940636e+00  -1.4956568e+00  -1.0473470e+00   1.2245525e-01
   2.0000000e+00   8.7639137e-01  -4.1748076e-01  -1.3330241e+00   2.2914712e-01  -2.4286572e-01  -8.0733232e-01
   2.0000000e+00  -6.1588651e-01  -5.9861380e-01   1.9654521e+00   1.3311601e+00  -8.4766416e-01  -5.9844715e-01
   2.0000000e+00   1.6223351e-01   1.8803626e+00  -4.0617417e-01   4.5702417e-01   2.9763151e-01   6.5722794e-01
   2.0000000e+00  -5.4070627e-04   8.7431609e-01  -8.7019500e-01  -1.9297650e-01  -8.8804761e-01  -9.6103153e-01
   1.0000000e+00  -1.3466210e+00   4.6120313e-02  -1.8810415e+00   8.2889728e-01   6.2206805e-02  -3.8644213e-01
   2.0000000e+00   8.3099967e-01  -8.9213679e-01  -1.2886368e+00  -6.5809375e-01   6.3867490e-01   1.0821932e+00
   2.0000000e+00  -1.7063302e+00  -8.2166079e-01   1.0591736e+00  -1.1401007e+00  -5.8752872e-01   2.5163071e-01
   2.0000000e+00  -5.5752475e-01  -1.4000853e+00  -1.1270286e-01  -6.6794839e-02   3.0273364e-01   2.2852427e-01
   2.0000000e+00   1.8713735e+00  -9.0069401e-01   1.6166523e+00  -2.6320510e+00   4.7340834e-01   4.1046022e-01
   2.0000000e+00  -4.6800236e-01   3.0625407e-01  -1.1031939e+00   6.6556680e-01   9.8302152e-01   1.2150149e+00
   1.0000000e+00  -1.0257856e+00  -7.8933093e-01  -1.0541613e+00   2.3236144e-01   1.6116591e-01  -4.9349794e-01
   2.0000000e+00  -5.6736193e-02   1.4901514e+00   1.7689905e-01   4.8117937e-03  -6.4783785e-01   4.8140827e-01
   2.0000000e+00   2.9927952e-01   1.4908614e-01  -6.3520406e-02   5.4745791e-01  -1.3208736e+00  -8.4895827e-01
   2.0000000e+00  -6.6095846e-01  -3.0340601e-01   1.4399148e-02  -5.0892118e-01  -6.1967311e-01   7.9742020e-01
   2.0000000e+00  -1.8604909e-02   8.9163781e-01  -5.4108741e-01   1.1625820e+00  -5.7152730e-01  -7.4169846e-01
   2.0000000e+00   1.9388804e-01  -1.0591322e+00  -5.7551814e-01  -9.1189641e-01   1.4043927e-02   4.1342339e-01
   2.0000000e+00  -7.9147730e-01  -4.1700700e-01  -1.9446276e+00  -1.2471751e-01  -1.1933665e+00   3.0421988e-01
   2.0000000e+00  -3.9009820e-01  -5.8305598e-01   9.9183800e-01  -4.5903074e-01  -1.0852064e+00  -8.5949700e-01
   2.0000000e+00   1.3625714e+00  -1.4295081e+00   1.2185263e-02  -2.9420270e-01  -7.3976818e-02  -1.7304910e+00
   2.0000000e+00  -2.4841860e-01   3.3760560e-01   1.0148721e+00   1.5706614e-01  -4.5699480e-01  -9.1242459e-01
   2.0000000e+00   2.5148278e-01  -4.3602880e-01   6.3356591e-01  -1.0881588e+00  -7.2842498e-01   7.1974880e-01
   1.0000000e+00  -2.0504614e+00   2.9644919e-01  -1.9662654e+00   2.2320596e-01   5.3265334e-01  -5.9217997e-01
   2.0000000e+00   6.2340247e-01   3.1262699e-01   7.5364782e-01   2.6787467e-01  -1.1409421e+00  -3.7674103e-01
   2.0000000e+00  -7.6017191e-01  -1.8196672e+00   8.6531356e-01   5.2055854e-01   4.9195557e-01  -1.3823811e+00
   2.0000000e+00   8.6843424e-01   9.7335294e-01  -2.9637926e-01  -1.1712140e-01   1.4522226e+00   3.3882480e-01
   2.0000000e+00   9.7996742e-02   1.0600778e+00  -9.6034771e-01  -3.4026709e-01  -7.5506484e-02  -1.2654575e+00
   2.0000000e+00  -1.3852932e-01   9.5518875e-01  -1.8554063e-01  -1.5329407e+00   9.8256177e-01  -1.1205304e+00
   1.0000000e+00  -5.0657532e-01   2.9161246e-01  -8.5283767e-02  -1.8886192e+00   6.2452377e-01  -4.8454606e-01
   1.0000000e+00   7.0145976e-01   6.0225929e-03  -3.9176520e-01  -2.3171456e-01   7.0614466e-02  -1.3464537e+00
   2.0000000e+00   7.0709832e-01  -7.6505049e-02   5.4916069e-01   2.9053813e+00  -1.1913823e+00   1.8122575e+00
   1.0000000e+00   9.7890602e-01  -7.7459803e-02   6.6873531e-01   1.8177878e+00   5.1127678e-01  -9.2318760e-01
   2.0000000e+00   1.1894939e+00   2.6993482e-01  -2.9735828e-01  -7.7213745e-01   2.6262988e+00   1.4995914e+00
   2.0000000e+00  -1.2955653e+00   5.3232816e-01   6.4397337e-01   1.8470426e+00  -3.8435589e-01   9.1685108e-02
   2.0000000e+00  -8.8528581e-02   1.0845705e+00   9.6303981e-01   5.2927248e-01   1.4221672e-01  -1.6798087e-01
   2.0000000e+00  -1.3738204e+00   5.1698550e-01   1.5262732e+00   1.6193246e-01  -6.1311158e-01  -6.2935729e-01
   2.0000000e+00  -3.5247701e-01  -1.4741646e+00   2.9667915e-01   4.3284734e-01   3.3598562e-01   1.3505756e+00
   2.0000000e+00  -5.2870663e-01   2.5253119e+00  -8.2572444e-01   1.1205583e+00   8.2243178e-01  -2.1133709e+00
   2.0000000e+00   1.9504809e+00   2.2127726e+00  -1.1929136e+00   9.8144612e-01  -1.1228428e+00   8.0087527e-01
   1.0000000e+00  -4.0314324e-01  -4.8598846e-01   1.0901951e+00   5.8603663e-01   2.7751701e-01   1.1723348e+00
   1.0000000e+00   7.2302656e-01  -6.2660840e-01   2.4171522e+00   4.1702363e-02   4.8158970e-01   1.4663106e-01
   2.0000000e+00   1.3908793e+00  -1.8978395e+00  -1.2409058e+00  -4.6255784e-01   1.2720176e+00  -9.6275213e-01
   1.0000000e+00  -1.1832658e-02   7.6012806e-01   4.1259112e-01   1.0183813e+00   6.6491933e-02   3.1251485e-01
   2.0000000e+00  -3.6514058e-01  -2.0558602e-01  -3.9493282e-01  -3.7637258e-01  -1.2653146e+00   8.5024264e-02
   2.0000000e+00   2.0807449e-01   4.6795730e-01  -2.0768609e-01  -2.1927056e-01  -5.1345676e-02   9.6587609e-01
   2.0000000e+00   7.7283642e-01  -2.0522968e+00   1.3754792e+00   9.0511163e-01  -3.1033388e+00  -2.8333187e-01
   2.0000000e+00   1.3600375e+00   5.3216828e-01  -3.0354415e-01  -1.9929985e-01  -9.9487542e-02   1.3951669e+00
   1.0000000e+00   1.3434555e+00  -5.1496036e-01   6.0211018e-01   6.3762850e-01   4.4435287e-01  -1.2585711e+00
   2.0000000e+00   1.9139529e-01  -4.4597510e-01   2.2290234e+00   7.8091083e-01  -7.3736496e-01   7.6998464e-01
   2.0000000e+00   1.1625858e-01  -1.0695158e+00  -1.6104274e-01  -6.9769855e-01  -3.6781698e-01  -7.7313789e-01
   2.0000000e+00   5.7466989e-01   9.4476598e-02  -1.3711757e+00   1.4733689e+00  -9.6650653e-01  -1.3789972e+00
   2.0000000e+00   4.6160178e-02   1.1491341e+00  -4.0592018e-01   3.9965613e-01   9.5198339e-01  -1.3123035e+00
   1.0000000e+00   1.0760697e+00  -6.2574913e-01  -2.7503681e-01  -1.1194636e+00   2.1271373e-01   3.3646564e-01
   2.0000000e+00  -8.4175981e-01   6.5319921e-02  -6.1876295e-01   9.0783336e-01  -1.9595723e+00  -3.8116741e-01
   2.0000000e+00   9.7996973e-01   4.1081698e-01  -3.9113622e-01   1.6773402e+00  -1.7390903e-01   6.7297197e-01
   1.0000000e+00  -1.8091551e+00   2.8406474e-01   1.8686817e-01   3.1758627e-01   9.6475761e-02  -8.1524541e-01
   2.0000000e+00   6.6297847e-01  -7.6079801e-01  -6.5443655e-01  -6.3648357e-01   1.5210020e+00  -8.7922148e-01
   2.0000000e+00   1.2031301e+00   1.8668745e+00  -9.7290749e-01  -1.1334583e+00   3.6984734e-01  -7.5276225e-01
   1.0000000e+00  -6.5815065e-01  -3.3246916e-01  -2.3761448e-01   1.5544962e-01   3.3037446e-01   9.2781285e-01
   2.0000000e+00  -9.1099205e-01   4.7712570e-01   1.1847771e+00  -8.3619173e-01   1.7267386e+00  -1.0072356e+00
   1.0000000e+00  -4.7932103e-01   2.3150911e-01   7.3224891e-01   1.3250455e-01   7.1358691e-02   1.1746681e-01
   2.0000000e+00  -3.9268390e-01   6.7227169e-01   4.2363132e-01  -2.4097764e-01   2.7006864e+00  -1.3638494e+00
   1.0000000e+00  -1.6519747e+00  -3.2509515e-01   2.2532835e+00   1.4775582e+00   1.3035493e-01  -1.5512146e-01
   2.0000000e+00  -1.3704458e-01   2.1375136e+00   3.4849692e-01   3.7065604e-01  -1.5891554e+00   1.2330341e-01
   2.0000000e+00   1.3596220e-01   5.1510827e-01   2.0438154e-02  -5.3068948e-01   9.4187570e-01   4.7912760e-01
   2.0000000e+00   2.4624659e-01  -6.1334647e-01  -1.8161126e-01  -1.0103380e+00   1.2721554e+00   8.0084224e-02
   2.0000000e+00  -3.3414473e-01   1.1849383e-01  -8.2647094e-01  -6.1280478e-01  -3.8506205e-01   4.2174104e-02
   2.0000000e+00  -1.0906736e-01   4.3116063e-01   7.5787060e-01   1.5596408e+00  -5.8854872e-01   1.9568191e-02
   2.0000000e+00  -6.5327541e-01  -5.6344883e-01   7.7816272e-01   2.2450042e-01   1.2797939e+00  -9.0151135e-01
   2.0000000e+00   5.0034235e-01  -5.5947397e-01   1.6651971e-02  -4.2843320e-01  -4.5092841e-01  -3.3073769e-01
   2.0000000e+00   5.2123185e-01   6.7789734e-02  -6.5441029e-01   1.8601334e+00  -3.5022929e-01   6.3056067e-02
   2.0000000e+00   1.4606780e-01  -6.5408945e-01   1.7041816e-01   3.7421686e-01   9.8659508e-01   7.6125775e-01
   2.0000000e+00  -4.6709066e-01   1.4131971e+00  -7.7711171e-01  -1.2484057e-01   4.1085247e-01   1.6826807e+00
   2.0000000e+00  -3.7608112e-03  -2.9850274e-01  -2.0029390e-01  -9.9922576e-01  -1.8546471e+00  -1.8828673e+00
   2.0000000e+00  -5.0173804e-01   1.0958410e-02  -2.4276318e-01   1.0423639e+00  -9.1621272e-01  -1.2767999e+00
   2.0000000e+00   1.8689822e+00  -1.1078752e+00   2.6409487e-01  -1.0126071e+00   6.1163539e-01   8.3299924e-01
   2.0000000e+00   5.4239069e-01   1.3419909e-01  -2.7187534e+00  -4.1217556e-01  -3.4011855e-01  -3.8987263e-01
   2.0000000e+00  -1.1175124e+00   8.2275188e-01  -8.1819045e-02  -9.9117581e-01  -1.3375291e+00   9.8883149e-01
   1.0000000e+00  -1.8131705e+00   6.1302460e-01  -7.8051921e-01  -1.0547903e-01   1.5085126e-01   7.0833282e-01
   2.0000000e+00  -1.2466325e+00   2.4837515e+00   6.3039863e-01  -8.7774600e-01   1.0970599e+00  -8.1721754e-01
   2.0000000e+00  -8.4197628e-01  -2.8991211e-01   1.9282313e+00   1.9033316e+00  -1.3698725e-01  -1.7218460e+00
   1.0000000e+00   2.5583482e-01   8.1653002e-01  -1.2924740e+00   1.4794750e+00   2.9088904e-01  -5.8906952e-01
   2.0000000e+00  -2.4471948e+00  -2.6576361e-01  -1.4767173e+00  -2.5214761e-01   1.8434190e+00  -1.2111431e-01
   2.0000000e+00   1.0685267e-01   5.7275333e-01   4.4922757e-01   1.4579058e-02  -8.7356624e-01   9.4160234e-01
   2.0000000e+00  -9.5327847e-02   7.8639338e-01   3.6896993e-01   8.4009772e-01  -4.7764802e-01   9.5566541e-01
   2.0000000e+00  -3.6109551e-01   1.0607241e+00  -6.7789337e-01   3.2485912e-01  -1.4537689e+00  -1.9512930e-01
   2.0000000e+00   1.4280436e-01   2.7302103e-01  -3.6623721e-01   6.8301980e-01  -4.4452972e-01   4.7251676e-01
   1.0000000e+00  -1.5101945e-01   3.2630437e-01  -3.4401196e-01  -5.5738089e-02   7.2242216e-01  -3.3714153e-01
   2.0000000e+00  -3.9669853e-01   8.0129229e-01   1.1631922e+00  -9.3520493e-01  -2.3845940e+00  -1.2111930e-01
   2.0000000e+00  -5.0003906e-01  -6.2473537e-01   1.7026586e+00   4.9241932e-01  -3.2984074e-01  -2.3642047e-01
   2.0000000e+00  -4.2402729e-01   1.8298729e+00  -9.2177572e-01   2.1076371e+00  -1.9648970e+00  -1.3646612e+00
   2.0000000e+00  -8.2947772e-02   1.0406355e+00  -1.0360748e+00  -7.1971452e-01  -1.0203935e-01  -9.7082861e-01
   2.0000000e+00  -1.0075899e+00   1.2196412e-01  -9.9602666e-03  -1.0932362e+00  -6.7901873e-01   6.8146427e-01
   2.0000000e+00  -1.4963252e-01   2.7725429e-01  -6.4847852e-01  -2.0533492e-01   1.8204989e+00  -3.5277611e-01
   2.0000000e+00   2.7391713e-01   8.6138642e-01   6.9822987e-01  -1.2658507e+00  -8.5730690e-01   6.3425894e-01
   2.0000000e+00  -5.4513360e-01   6.6484283e-01  -1.9267314e-01  -1.9062811e-01   1.4705855e+00   1.4987456e+00
   2.0000000e+00   1.9264971e+00   6.7007926e-02  -3.3607083e-01   6.7805627e-01  -2.1606318e+00   2.3642632e-01
   2.0000000e+00  -9.4904950e-01  -3.5216143e-01   4.2487018e-01  -4.3095784e-01  -7.3547602e-02   1.4968035e+00
   2.0000000e+00  -6.3477095e-01   5.9011367e-01  -8.5370881e-04  -1.2478191e+00  -1.4732172e+00  -1.2520898e+00
   1.0000000e+00  -1.3527161e+00  -5.2207681e-03  -1.8537413e+00   6.1628394e-01   2.7504083e-01  -2.0370104e-01
   2.0000000e+00   1.4466763e+00   7.1289952e-01   6.6188254e-01   1.4973655e-01  -3.4521961e-01  -1.2357649e+00
   2.0000000e+00  -3.0687062e-01   1.5969441e+00   3.8384246e-01   5.3404059e-01  -8.1915587e-01   8.0964505e-01
   1.0000000e+00   2.8672309e-01   8.8738385e-01  -4.1507608e-01   5.4369488e-01   3.8684936e-01  -4.4851760e-01
   2.0000000e+00  -1.1470765e+00  -2.0307723e+00  -7.9459502e-01  -6.1942920e-01   1.1061483e+00  -1.5288846e-01
   2.0000000e+00  -2.2793594e+00  -1.2017992e+00  -7.4923291e-01  -3.8631985e-01   2.6961590e-01   2.5176908e-01
   2.0000000e+00   7.5671694e-01  -9.9447844e-01   4.3599985e-01  -1.1473654e+00  -7.9039946e-01   2.3611155e-01
   1.0000000e+00   1.6400088e-01   5.5407757e-01   5.5402145e-01  -3.0901187e-01   2.9357387e-01   3.3762972e-02
   1.0000000e+00   5.1884013e-01   8.7508084e-01  -4.8466642e-01  -8.6611774e-01   2.0736543e-01  -8.1509918e-02
   1.0000000e+00  -2.8645659e+00   9.7968995e-01  -9.5992552e-01  -1.1963406e-01   1.6494202e-02   5.6375367e-01
   2.0000000e+00  -8.4865108e-01  -4.1152468e-01   2.6071391e-01  -7.2221350e-01  -9.2819995e-01   1.2390427e+00
   2.0000000e+00  -1.9523499e+00   5.6300567e-01   2.7031845e-01   1.0974184e-01   1.7094847e+00  -2.3751904e-01
   2.0000000e+00  -2.9015299e-02  -1.4996915e+00  -1.7609258e+00  -1.7947342e+00  -4.2551509e-01   1.3144471e+00
   2.0000000e+00  -4.1921490e-01   1.3003571e+00  -7.0971477e-01   2.6822669e+00   2.2389616e-01   2.5236596e+00
   2.0000000e+00  -2.6794559e-01   5.9895573e-01  -1.5001064e-02  -5.7437887e-01  -5.9743022e-01  -3.0204055e-01
   2.0000000e+00   4.2870990e-01  -6.2730498e-01  -1.1624201e-02  -4.3975648e-01  -4.5741498e-01  -1.4470284e-02
   2.0000000e+00   1.0088188e+00  -1.0811793e-01   7.0722076e-01  -5.9102854e-01  -2.0423247e+00   4.8066290e-01
   2.0000000e+00  -1.0448682e+00   1.4713761e+00  -2.9138034e-01   1.5141154e+00  -1.3004197e+00   5.4140842e-01
   2.0000000e+00  -9.7065425e-01   3.2694905e-01   5.9151582e-01  -1.2681139e+00  -1.5430872e+00   1.1753483e+00
   2.0000000e+00  -2.1826964e+00  -1.4559149e+00  -1.2063524e-01  -1.1387923e+00  -1.3137948e+00   1.6189197e-01
   2.0000000e+00   2.0299917e+00  -1.1982270e+00   5.0025945e-01  -4.2226128e-02  -2.6911223e-01   8.8422337e-01
   2.0000000e+00   1.2695295e+00  -6.6681248e-01  -1.5930002e+00  -7.5616198e-01  -1.4707427e-01   2.1612086e-01
   2.0000000e+00  -1.3809481e-01   2.1204704e+00   8.6813752e-01   6.1824792e-01   2.2693438e+00  -1.0834388e+00
   2.0000000e+00  -1.3663958e+00   5.0472597e-01   1.7591309e+00  -6.3677641e-01   1.4390421e+00  -4.1682635e-01
   2.0000000e+00  -2.3275915e+00   7.8619346e-01   3.5798834e-01   6.6590160e-01  -5.7805735e-01   1.1322471e+00
   2.0000000e+00   2.4153789e-01   4.4202131e-01  -8.5980265e-01   1.3178870e+00  -4.7885541e-01   1.5825433e-01
   2.0000000e+00  -3.5645691e-01  -1.4013574e+00  -1.0689483e+00   1.0052624e-01   2.8108946e-02   9.6466718e-01
   1.0000000e+00   3.0329726e-01  -1.7035242e-01  -1.7843768e-01  -6.5276203e-01   1.4832703e-01  -1.1933151e+00
   1.0000000e+00   7.1903957e-01  -2.2024690e-01   1.4096317e+00   3.3529993e-01   6.6578462e-01   5.4787263e-01
   2.0000000e+00  -4.2976716e-01  -5.7257242e-01   6.5973366e-01  -8.8695774e-01   1.8730265e+00   6.5856946e-01
   2.0000000e+00   5.9369280e-01   4.9179467e-01   2.0894342e-01   1.7116345e-01   9.7898485e-01  -1.0898920e-01
   1.0000000e+00   7.7420883e-01  -8.8331216e-02   1.5532666e+00  -1.1627923e-01   5.9736990e-01  -1.1535262e+00
   2.0000000e+00   7.9020997e-01   3.3415062e-01  -1.2610331e+00  -1.6243853e+00   1.0016999e+00   1.0082188e+00
   2.0000000e+00   6.6995187e-01  -8.8054318e-01  -9.3036692e-02   9.6589038e-01   1.8105427e+00   1.9529477e-01
   2.0000000e+00  -3.7909736e-02  -9.2820532e-01  -1.8966626e+00  -9.1186436e-01  -8.0291126e-02   2.0835256e+00
   2.0000000e+00   1.3296222e-02   1.6357196e+00  -1.7699890e+00  -1.9300870e-01  -8.3703206e-01   8.3790765e-01
   2.0000000e+00   1.6027918e+00  -1.0474899e+00   5.4718972e-01   4.9503175e-01   2.0321087e-01  -1.4670953e+00
   1.0000000e+00  -9.4624558e-02  -2.7800132e-01   4.6701431e-01  -1.4663940e+00   3.9651739e-01  -1.3366955e+00
   1.0000000e+00   1.4541090e+00  -6.0447600e-01  -4.1378348e-01   6.1622083e-01   7.2424810e-02  -4.6763007e-01
   2.0000000e+00   1.3879230e-01   1.3376767e+00   1.0771444e+00   3.4669300e-01  -2.0112956e-01  -1.7169513e+00
   2.0000000e+00   2.1131355e+00   1.2740538e+00   1.2691215e+00   9.6463027e-01  -1.1773421e+00   8.7973196e-01
   2.0000000e+00  -1.0535186e-01  -7.8091975e-01   2.7144243e-01   7.3540616e-01   8.9446898e-01  -4.4500448e-01
   2.0000000e+00   7.1264376e-01   6.0015900e-01  -8.8882418e-01  -4.0956806e-01  -9.0146844e-01  -1.0368175e-01
   1.0000000e+00  -5.6467672e-01   9.1116137e-01  -2.6997477e-01  -1.7292992e+00   2.4517133e-01  -1.9461327e+00
   2.0000000e+00   1.0507418e-01  -1.3036841e+00  -8.2017696e-01   1.4009299e+00  -6.4824555e-01  -1.6909548e+00
   2.0000000e+00  -6.5677080e-01  -8.4399712e-01  -4.9194148e-01   2.8158185e-01   7.3229102e-01   1.4722978e+00
   2.0000000e+00  -1.9879986e+00  -6.7260581e-02   1.3000448e+00   3.3615365e-01  -4.3470033e-01  -5.9521444e-01
   2.0000000e+00   1.1555622e+00  -1.7809428e+00  -1.7914268e-01   8.2132824e-01  -7.3257590e-01   3.5170421e-01
   2.0000000e+00  -1.7882794e+00   2.2419270e+00   9.3828817e-01  -1.2395196e+00   9.1725710e-01  -2.5410155e-02
   2.0000000e+00  -1.1943223e-01  -2.4487197e-02   7.8935923e-01  -6.3359519e-01  -3.5826638e-01  -9.7508249e-01
   1.0000000e+00  -1.4836444e+00  -2.3140838e-01   1.6057364e+00   7.1384033e-01   8.8471288e-01  -1.0844398e-01
   2.0000000e+00   1.2575687e+00  -1.4681927e+00  -2.1554805e-01  -1.4486160e+00  -1.0521018e-01  -9.2180135e-01
   2.0000000e+00   3.3386991e-01  -2.0026285e-01  -1.8883050e-01   8.9443851e-01  -1.2425366e+00  -4.0321633e-01
   2.0000000e+00  -6.4589112e-01   1.0900466e+00   1.4069869e+00  -5.2005153e-01   1.5277663e+00   5.6308806e-01
   2.0000000e+00   4.7265773e-01   7.2011764e-01   6.9539119e-01   4.7734758e-01   9.1790947e-01  -1.6074970e+00
   2.0000000e+00   2.0236268e-01   9.8340393e-01  -1.7995616e+00  -1.4448027e-01   1.7048986e+00   1.7771452e-01
   1.0000000e+00  -1.0363160e+00  -9.1301849e-02  -7.3546520e-01   7.3279458e-01   3.1346932e-01   3.4469462e-01
   2.0000000e+00  -5.7695505e-01  -1.9040140e-01  -4.2325516e-01  -4.6631898e-01   1.2683643e+00  -2.2694718e-01
   1.0000000e+00   2.9885418e-01   3.9918329e-01  -3.8821609e-01  -5.7397070e-01   2.2857326e-01   9.8479806e-01
   2.0000000e+00  -1.9757490e+00   2.1828631e+00   1.0309529e+00  -3.7541955e-01   4.5491642e-03  -9.5930714e-02
   2.0000000e+00  -4.2537008e-01   7.2563925e-01   2.9718629e+00  -1.6893836e+00   9.7610208e-01  -7.5771306e-01
   1.0000000e+00  -4.4189762e-01  -6.7080875e-01  -1.3223017e-01   1.1433740e+00   7.2959774e-01   7.1350893e-01
   2.0000000e+00  -6.8849299e-01   1.7976076e+00   3.7950855e-01   3.7920953e-01  -1.3014314e+00   7.3920801e-02
   2.0000000e+00  -1.3736957e+00  -1.0162791e+00   6.9536439e-01  -1.2107153e+00  -1.3200818e+00  -3.3323131e-01
   2.0000000e+00   1.5017737e+00  -4.8431673e-01   8.9273321e-01   1.7605938e-01  -9.7023785e-02   2.2478905e-01
   1.0000000e+00  -1.7189789e+00   3.9940098e-01   5.8570359e-01   4.0918467e-01   3.5797127e-01   4.7889609e-01
   1.0000000e+00  -1.1358659e+00   2.9254265e-01  -7.5835510e-01  -1.3976230e+00   2.1639209e-02   4.0678221e-01
   1.0000000e+00  -2.0051097e+00   5.6468679e-01  -8.4278126e-01   7.2158265e-01   3.7695924e-01   1.1424949e+00
   2.0000000e+00   1.3110180e-01   4.6477022e-01  -1.8312273e+00   6.6473503e-01  -6.2548207e-01   1.0741345e-01
   2.0000000e+00  -5.3523018e-01   7.7513785e-01   5.6211074e-01   1.3615206e+00  -6.5927226e-01  -3.5461170e-01
   2.0000000e+00   8.2476157e-01  -7.9977101e-01   1.3283560e+00  -4.2988395e-01  -4.8517618e-01   7.2488720e-01
   2.0000000e+00  -1.3344507e+00  -1.2188280e+00  -2.1373346e-01  -5.5903226e-01   1.6896073e-01   1.3304688e+00
   2.0000000e+00   2.1607097e-01   2.7303030e+00   1.1218357e-01  -1.0104836e+00  -2.5368146e+00   2.4003442e+00
   2.0000000e+00  -4.1059974e-01  -1.6130203e+00   2.3758901e+00  -2.2607710e+00  -1.3317186e-01  -1.2049323e+00
   2.0000000e+00   3.1467967e-02  -8.2212571e-01  -6.6580765e-01   1.8085903e+00   6.8523436e-01  -1.9557848e+00
   2.0000000e+00   1.3666725e-01   7.6702064e-01  -1.8579523e+00   4.7601412e-01   1.7257027e+00   4.8414954e-01
   2.0000000e+00  -3.5195261e-01  -8.4362915e-01  -6.0161330e-01   8.5412192e-01   3.4756343e-01  -2.0353758e+00
   2.0000000e+00   1.6108544e-01   1.2477888e+00  -8.9393108e-01  -8.8509032e-01  -2.2808035e+00   7.6140907e-01
   2.0000000e+00   1.3238574e+00   1.1407523e+00   6.9181010e-01  -8.1057752e-01  -1.4028336e+00   2.0241566e+00
   2.0000000e+00   1.3320743e-01   1.3224001e+00  -1.3628700e-01  -2.1259332e+00  -8.8319218e-02  -4.1608672e-01
   2.0000000e+00   4.5039013e-01   3.0745928e-01   2.1631410e-01  -3.2445935e+00  -8.6410315e-01   5.6672110e-01
   2.0000000e+00   1.0110173e+00  -1.0614339e+00   4.7111754e-01  -4.0619202e-01   1.2704472e-01   1.7083605e+00
   2.0000000e+00  -8.5267127e-01   2.6896717e+00  -7.4275995e-01   1.8218514e+00  -8.8593680e-01   1.4883807e+00
   2.0000000e+00   2.1093499e+00  -8.3032275e-01  -7.6619880e-01   1.3565836e+00  -1.2249339e-01   9.1470556e-01
   1.0000000e+00   1.4312106e+00  -1.9291478e-01  -1.1549760e+00  -2.0700451e-01   5.9488007e-01  -7.8767662e-02
   1.0000000e+00  -1.8937633e-01   1.7256816e-01   6.7585600e-01  -4.9097067e-01   7.8110208e-01   2.7578851e-01
   2.0000000e+00  -1.7220968e-01   1.9919377e-01  -1.3008940e+00  -8.2760770e-02  -1.3652152e+00  -2.4844828e+00
   2.0000000e+00   1.8066627e+00  -8.2849638e-01   5.6292866e-01   7.3529255e-01  -2.2083501e+00  -2.2599671e-01
   2.0000000e+00   6.7954408e-01   1.3658617e+00   2.4274667e-01  -9.0684914e-01   1.5527502e-01  -4.0367537e-01
   2.0000000e+00  -4.1060188e-01   1.6313585e+00   1.3982383e-01   1.4340460e+00  -9.0447087e-01  -5.4728483e-01
   2.0000000e+00  -6.9214655e-01  -8.9639723e-01  -3.3038919e-01  -3.3965581e-01  -2.1819976e-01   3.4852884e-01
   1.0000000e+00   7.6146657e-01  -3.3427991e-01   9.3500403e-01   1.2087135e+00   5.3408326e-01  -1.7735091e-01
   2.0000000e+00  -1.6929306e+00   1.3631160e+00   1.7401224e-01   1.4988907e+00  -2.3337839e-02   5.2118552e-01
   2.0000000e+00  -1.6752605e+00   1.1599262e+00  -3.9857696e-01   7.3856799e-01   1.0221265e+00  -2.1126632e+00
   2.0000000e+00   8.8035448e-01   2.4530001e-01  -6.7287279e-01   1.5315450e-01   9.7927040e-01   7.0977454e-01
   2.0000000e+00  -7.9633660e-01   1.1722335e+00  -1.9185195e+00  -1.7290686e+00   3.8286808e-01  -6.6295685e-01
   1.0000000e+00   1.7111378e-01  -4.8573650e-01  -3.3882411e-01  -8.0300492e-01   2.4425436e-01  -3.6281400e-01
   2.0000000e+00   8.5836738e-01  -1.8751132e+00   1.7905626e-01  -1.3756997e+00   4.4623566e-01   1.1740298e+00
   2.0000000e+00   4.7787667e-01  -1.0750458e+00   1.2741241e+00   1.7604168e+00   5.1556553e-01  -5.4179822e-01
   2.0000000e+00   2.0407733e+00  -7.5521044e-01   6.3000998e-01   2.3516528e-01  -9.1383340e-01  -4.4757671e-01
   2.0000000e+00  -9.5952172e-01  -8.3995052e-01   1.1820468e+00   2.2097554e-01  -5.1046484e-01   9.0456996e-01
   2.0000000e+00  -1.7572034e-01  -4.6581421e-02   6.3665810e-01  -3.2426752e-01  -8.4028665e-02  -7.7758507e-01
   2.0000000e+00   2.1859453e+00  -2.2198453e-01  -1.8383628e-01   2.0260150e-01  -1.1037407e+00  -4.2899938e-01
   1.0000000e+00  -3.0346207e-01   1.0325659e-02   1.7214397e+00  -1.7053386e-01   6.0003245e-01  -1.6207057e+00
   2.0000000e+00  -1.5312405e+00   1.7972249e+00   6.2555657e-01  -2.8110965e-01  -4.4215168e-01  -7.3807507e-01
   1.0000000e+00  -9.3002125e-01   2.2443615e-02   4.3881668e-01  -2.0699339e+00   6.9053649e-02  -5.3284185e-01
   2.0000000e+00   2.5054245e+00   1.1807200e+00  -4.5936020e-01  -3.2000678e-01   1.2576990e+00  -4.6738941e-01
   2.0000000e+00   6.0826527e-02  -3.2133092e-01  -4.2337003e-01  -1.3770002e-01   2.4893512e+00  -1.0166057e+00
   2.0000000e+00   1.7917944e+00  -5.5833591e-01   1.8046772e+00   1.3365214e+00  -4.3481858e-01   4.4256642e-01
   2.0000000e+00   4.4258371e-01   5.4502851e-01   5.1404235e-01   7.2049020e-01   9.7954799e-01  -5.9305862e-01
   2.0000000e+00  -1.3921342e+00   4.2797354e-01  -1.9735489e+00   8.6155136e-01  -4.2824245e-01   9.3558968e-01
   2.0000000e+00   7.7518346e-01  -8.0178637e-01  -2.2130077e-01  -1.3259814e+00  -2.1350089e-01   2.6165870e-01
   2.0000000e+00   1.8370548e+00   1.2186348e+00  -1.4426319e-01   7.8739721e-01   5.9185763e-02   1.1545586e+00
   2.0000000e+00   6.5406466e-01  -1.1025050e+00  -1.6838907e+00   1.2454814e+00  -2.3970992e-01   3.3338377e-01
   2.0000000e+00   3.5049945e-01  -1.0074380e+00  -1.2701697e+00   1.5675254e-01   5.2112193e-01   9.0904159e-01
   2.0000000e+00  -2.4542754e-01  -1.0028247e+00  -5.3770589e-01  -1.7872636e-01  -1.4968656e+00   1.9318645e+00
   1.0000000e+00  -1.2399856e+00   7.4436220e-01  -1.7874671e+00   9.3390043e-01   3.8242639e-02   7.3582921e-01
   2.0000000e+00   9.2017739e-01  -1.2251714e-01  -1.2177602e+00   3.8041949e-02  -1.4258719e+00   4.0428925e-01
   2.0000000e+00  -2.7827547e+00  -3.4180387e-01  -6.8510630e-02   7.0426925e-01  -7.8243154e-01  -7.8675185e-01
   1.0000000e+00  -5.9336035e-01  -1.0362051e-01  -7.4735100e-01   8.8126342e-01   1.5155679e-02  -1.1231277e-01
   2.0000000e+00   5.8801673e-01  -1.2084958e-01   5.3682793e-01  -1.1572421e+00  -9.1281805e-01  -1.0535233e+00
   2.0000000e+00  -8.2366177e-01   1.5077270e+00   4.8325219e-01  -1.1964370e+00   6.4223504e-01   5.4310121e-01
   2.0000000e+00   2.6579544e-01   3.1395662e-01   1.6299165e-01  -1.4847970e+00  -5.8827793e-02  -4.1879401e-01
   2.0000000e+00   6.1824864e-01   8.2751488e-02   5.2970105e-01  -4.9561360e-01   1.1653329e+00  -1.4344750e+00
   1.0000000e+00  -1.6440521e+00  -4.2276273e-01  -6.6933346e-02   5.5710496e-01   8.9825134e-01  -9.1417126e-01
   2.0000000e+00   7.9859359e-01   1.7151738e+00  -2.6421288e-01  -6.5298555e-01   1.1233869e+00   2.2262873e+00
   1.0000000e+00   2.2636897e-01  -3.7321435e-01   1.9327685e-01   8.9585107e-01   8.2693520e-02  -5.5615194e-01
   2.0000000e+00   1.1685391e+00  -1.2253881e+00  -1.0209752e+00  -1.4997923e+00  -3.0710442e-01  -1.9105105e-01
   2.0000000e+00   2.6171408e-01   1.0261314e-01   4.8886629e-01  -1.4723794e-01  -2.0438346e-01  -4.4511026e-01
   2.0000000e+00  -1.5251493e-01   5.5683515e-01  -1.2664632e+00   5.4015410e-01  -1.2315227e-01  -4.8378589e-01
   1.0000000e+00  -2.9062359e-01  -8.3487529e-01  -2.6341575e-01  -1.6369696e+00   4.6083940e-01   1.7696927e+00
   2.0000000e+00  -6.8287873e-01  -2.3247930e-01  -5.6372887e-01  -9.8092249e-01   2.1409631e+00  -7.4461981e-01
   2.0000000e+00  -2.0377860e-01  -1.2043461e+00  -1.5388711e+00  -1.6980395e-01  -7.7746649e-02   2.0653149e+00
   2.0000000e+00  -5.1603031e-01  -4.1855751e-01   4.0003553e-02  -1.5286369e+00  -3.4091081e-01  -1.8499271e+00
   2.0000000e+00   1.0678221e+00   1.1215427e+00  -3.2876193e-01   2.8963385e-02  -4.6607439e-01  -7.3291946e-02
   1.0000000e+00  -3.7695537e-01  -2.8519193e-02  -1.8068685e-02   9.3677857e-02   5.1644504e-01   1.1072583e+00
   2.0000000e+00   3.0121471e-02   1.7217586e-01   1.9442486e-01  -1.2350608e+00  -6.4898646e-01   1.3728112e-01
   2.0000000e+00   4.5240384e-01   6.6021285e-02   1.1629826e+00  -7.4616341e-01   2.6886386e+00  -1.0048155e-01
   1.0000000e+00   3.7596551e-01  -2.1033552e-01   6.5621310e-01  -1.7170785e-02   8.4252798e-01  -1.1786912e+00
   2.0000000e+00  -4.0629399e-01   3.5661339e-01   1.5687452e+00   1.0513137e+00  -1.8919979e-01  -1.6905958e-03
   2.0000000e+00   1.4308777e+00   1.8146288e-01   8.4065394e-01  -2.9734713e+00  -9.5240320e-01   2.1625528e-02
   1.0000000e+00   6.6593490e-01  -3.2932539e-01  -1.0209643e+00  -5.3377617e-01   6.0113093e-01  -5.5804290e-01
   2.0000000e+00   8.7196174e-01   1.4750389e+00   1.6683175e+00   7.5638174e-01   9.6470288e-02   2.6201850e-01
   2.0000000e+00   1.2889569e+00   4.1621608e-01   1.5212802e+00   7.6574653e-01   1.2188897e+00  -1.1837423e+00
   1.0000000e+00   3.0397538e-01   5.0455405e-01   1.4097412e+00  -7.5185323e-01   1.3212269e-02  -6.9172627e-01
   1.0000000e+00  -7.0957904e-01  -6.3100824e-01  -1.1789036e+00  -2.8234645e-01   1.1481081e-01   3.1062597e-01
   2.0000000e+00   1.4705917e-01   9.1697169e-01  -5.9683354e-01   2.1591907e+00  -1.4096941e-01   8.3408296e-01
   2.0000000e+00   2.9158932e-01   3.4078542e-01   1.7864209e+00  -7.7229205e-01  -5.0598861e-01   5.2624299e-01
   2.0000000e+00   2.8235457e-01  -1.9905886e+00   1.6089569e+00   5.0008287e-01  -9.2323751e-01   4.7790835e-01
   2.0000000e+00   5.6560367e-01   5.0753237e-01  -9.7854005e-01   1.0002162e+00   9.8907140e-01   7.2480859e-02
   1.0000000e+00  -1.0104552e+00  -3.2024444e-01   3.3323648e-01   8.7154594e-01   6.7520530e-01   9.6366661e-01
   2.0000000e+00   4.2203909e-01   1.9584071e+00   1.3544463e+00  -1.0422668e+00   4.5657439e-01  -1.3597423e-01
   2.0000000e+00  -1.1757547e+00  -5.7483512e-01  -1.3931804e-01   1.0683145e+00  -5.6492631e-01  -1.0566652e+00
   1.0000000e+00  -7.4325608e-01  -1.1767295e-01  -3.8161666e-01   4.2900145e-01   6.5484591e-01   3.1842007e-01
   1.0000000e+00  -1.0434956e-01   6.0983206e-01  -9.2094821e-01  -1.9261142e+00   8.6561178e-02   7.6060369e-01
   1.0000000e+00   7.1101930e-01   5.6131158e-01   5.2306236e-01  -7.8684360e-01   3.2665142e-01   3.1282244e-01
   2.0000000e+00  -1.8456968e+00  -1.3355965e+00  -2.6938700e+00   1.3108848e+00  -8.0767716e-01   7.7378294e-01
   2.0000000e+00  -3.2163557e-01   6.6423364e-01   1.3780633e+00   3.4892110e-01  -6.6739676e-01   1.9193993e-01
   2.0000000e+00  -1.2607978e+00   4.7538705e-01  -4.2850219e-02  -7.8523759e-02  -2.5472491e+00  -5.6828590e-01
   2.0000000e+00  -6.6278175e-01  -1.3972586e+00   5.5687181e-01   7.6786345e-01  -3.1370412e+00   2.6109669e-01
   2.0000000e+00  -1.2527337e-01  -1.4154959e+00   1.5497418e+00  -2.6699170e-01   2.5683847e-01  -9.5527995e-01
   2.0000000e+00   3.7397152e-01  -1.4351911e-01   4.4583073e-01  -2.8654354e-02   1.7295851e+00  -3.1106066e-01
   2.0000000e+00   3.4804024e-01   1.6509120e-01   6.5416348e-01   3.5292260e-01  -1.0334344e+00  -1.4589443e+00
   2.0000000e+00  -4.5150717e-01   1.0807297e+00   8.6786600e-01   1.8063612e+00   1.3022112e+00   2.0958360e-02
   1.0000000e+00  -1.5306483e+00  -4.2269257e-02   9.8543091e-01   4.7035906e-02   5.1430185e-01   2.6659204e-01
   2.0000000e+00   3.1962987e-01  -6.2557967e-01  -1.0486311e+00   1.0903209e+00  -2.0009668e-01   1.3279136e+00
   2.0000000e+00   1.8899083e+00  -3.2029490e-01  -1.0521250e+00   1.9090477e+00  -2.8332985e-01  -1.8681854e+00
   2.0000000e+00  -2.7531366e-01   3.2732656e-01  -6.3672898e-01   7.4454871e-01   1.2381229e+00   1.3382192e+00
   1.0000000e+00  -8.6561283e-01   1.2724650e-01   8.1584095e-02   9.1496073e-01   5.8263149e-01  -1.1967636e+00
   2.0000000e+00   1.2232625e+00  -1.6513926e+00  -1.7980913e+00   4.2720975e-01  -1.3294405e+00  -1.8646404e-01
   2.0000000e+00  -1.0017282e+00  -4.4946042e-01  -1.2521901e+00   1.3024778e+00  -3.8325076e-01  -2.5159949e-01
   1.0000000e+00  -3.3463179e-01   7.5443115e-01  -4.8251873e-01  -6.7719490e-01   4.3926099e-02  -5.8922858e-01
   2.0000000e+00  -3.0256919e-03   1.6457370e+00   6.0888280e-01   1.6055672e-01   5.0370119e-01  -8.2786585e-01
   2.0000000e+00   8.8697302e-01   9.7581841e-01  -1.2415235e-01   1.0020386e+00  -1.2563799e-01   5.9273051e-01
   2.0000000e+00  -1.7030350e+00  -9.6721245e-01   1.5807088e+00  -1.3772909e+00  -3.7357916e-01   1.8486206e+00
   2.0000000e+00  -6.3823797e-01   1.2409430e+00  -1.2234301e+00   1.7430388e+00  -4.2770367e-01  -1.0491926e+00
   2.0000000e+00  -1.4853152e-01  -9.4495912e-01   1.2036248e-01  -7.2462861e-01   1.5444548e+00  -5.4393403e-01
   2.0000000e+00  -1.4311367e+00  -3.7973173e-01   1.3195833e+00   6.6997129e-01  -3.4230984e-01  -1.2367224e+00
   1.0000000e+00  -6.8100821e-01   1.0737076e-01  -6.0932482e-01   3.3920592e-01   6.3881838e-01  -9.6610786e-01
   2.0000000e+00  -1.1773434e+00   3.3890575e-02  -3.9301010e-01  -1.1238973e+00  -1.6135897e+00  -7.9795761e-01
   2.0000000e+00   3.1064383e-01   9.7019942e-01   7.8702233e-01  -3.8738861e-01   1.7267555e+00  -1.7280481e+00
   2.0000000e+00   5.9385987e-01   1.7561715e-01  -1.0354684e-01   2.4836347e-01  -7.4387935e-01   1.9849606e-01
   2.0000000e+00  -9.2933464e-01   1.0228650e+00   3.0438076e-01  -1.8363905e-01   1.0428513e+00   1.0349967e+00
   2.0000000e+00  -5.8928816e-01  -4.9919596e-01   9.1160946e-01  -4.5459138e-01  -6.0844675e-01  -4.0775886e-01
   1.0000000e+00  -1.1459051e+00   4.4863140e-01  -2.0861998e-01   1.4700566e+00   6.1189157e-01   5.6991240e-02
   2.0000000e+00   1.1892371e+00  -1.3524232e+00   4.2195466e-02  -4.8204301e-01  -1.7452112e-01   1.0602610e+00
   2.0000000e+00   6.6099587e-01   8.2955518e-01   4.9994281e-01  -3.7297902e-01   1.4001324e+00   8.3476275e-01
   2.0000000e+00   7.9209226e-02   2.6216323e-01  -3.2298763e+00  -8.1406293e-01   1.2106080e+00   1.0118345e+00
   2.0000000e+00   1.2121851e+00  -1.2772725e+00   3.2117649e-01   6.8139563e-01  -4.4582925e-01  -2.1548521e+00
   2.0000000e+00   1.5863600e-01  -1.2096602e+00   7.3603487e-01   7.9712932e-01  -2.6308161e+00  -5.0669659e-01
   2.0000000e+00   7.1314685e-01   1.2147113e+00   1.2740099e+00  -4.0848666e-01  -1.9753110e-02  -1.9924488e-01
   1.0000000e+00   7.4834696e-01   5.6834310e-01   9.6574972e-01   3.7770831e-01   1.6077607e-01  -4.9424333e-01
   2.0000000e+00   5.8238197e-01   9.2448211e-01   3.1045642e-01   1.0050900e+00  -1.1581662e-01  -9.8954114e-01
   2.0000000e+00  -1.0781728e+00   8.9949940e-01  -7.0054777e-01   7.7217837e-02   1.1898841e+00   4.1066437e-01
   1.0000000e+00   4.5833627e-01  -3.0913752e-01  -1.0492147e+00   5.0429581e-01   3.5989546e-01  -5.4215233e-01
   2.0000000e+00   1.0297938e-01   8.1484071e-01   1.2698090e-01  -1.3609150e+00   9.6595442e-01  -9.5145278e-01
   2.0000000e+00  -2.8672579e+00   1.2163951e+00   2.1989438e-01   1.1799676e+00   2.0315033e+00  -2.0616862e-01
   2.0000000e+00  -1.0995235e+00   1.3065910e+00  -6.3202369e-01  -1.3373724e-01  -5.5967799e-01   6.9343605e-02
   2.0000000e+00  -1.4719357e+00  -1.8449259e-01  -5.6818652e-02  -3.9286034e-01  -4.0085739e-02   7.8820661e-01
   2.0000000e+00   5.3098746e-01  -5.8971916e-01   4.8263114e-02  -5.4131463e-01  -1.1505434e+00  -8.1995663e-01
   2.0000000e+00   8.7314282e-02  -1.1579515e-01  -1.6773475e+00  -1.0585123e+00   1.1798146e+00  -1.0661618e+00
   2.0000000e+00  -1.4981118e+00   1.0218548e+00   6.6278754e-01  -1.7882751e+00  -7.7830393e-01   5.0587463e-01
   2.0000000e+00  -1.2017171e+00  -3.4802878e-02   1.6318371e+00   7.3961511e-01  -6.5590073e-01  -2.0924626e+00
   2.0000000e+00  -2.1316942e-02   1.4706745e+00   9.9319241e-01   8.1862119e-01  -1.8330725e+00  -6.8360418e-01
   2.0000000e+00  -3.5879076e-01  -1.1630415e-01  -1.4672958e-01   8.6234106e-01  -1.8763484e+00   2.0136745e-01
   2.0000000e+00  -5.4565596e-01  -9.1018875e-01  -9.3473562e-02  -5.0773869e-01  -1.7973237e-01  -1.2100159e+00
   2.0000000e+00  -2.2025542e-01  -1.3105469e+00   3.7810736e-01  -5.7030411e-01   5.5708137e-01   1.6238515e-01
   1.0000000e+00  -9.0983190e-02  -7.5510261e-01  -7.6932890e-01   4.0789184e-01   1.1214842e-01   8.3676243e-01
   2.0000000e+00   1.3820975e+00   7.3692210e-01   1.6811055e-01   2.3381573e-01  -1.4734787e+00  -9.2559286e-01
   2.0000000e+00   1.4490298e-01  -5.6747602e-01   2.4244390e+00   8.1107546e-01  -1.5594390e+00  -1.0564599e+00
   2.0000000e+00   1.8361596e+00  -8.6998755e-01  -3.0272081e-01  -1.1108263e-01  -1.7173895e-02   4.5271435e-01
   2.0000000e+00   7.2466096e-01   4.0060829e-01   1.0880814e+00   7.8963018e-01  -1.5863646e+00   1.6662117e+00
   2.0000000e+00   1.0735702e+00  -2.0057557e-01  -5.1998522e-01   6.5169474e-01  -1.2774121e-01   1.7184200e+00
   2.0000000e+00  -1.6283049e-02  -1.3635689e+00  -1.0725900e+00  -1.7678993e+00  -7.3222251e-01  -1.1556928e+00
   2.0000000e+00   3.3221763e-01   1.4223447e+00  -3.4812977e-01   1.0535293e+00  -8.1442097e-01  -3.4977733e-01
   2.0000000e+00   4.4672327e-01   1.3767681e+00  -1.7344603e+00  -6.1150826e-01   5.9489521e-01   1.0737424e+00
   1.0000000e+00   3.0647938e-01   3.7051987e-01   1.1047642e-01  -1.4279874e+00   1.5263268e-01  -2.6151448e-01
   1.0000000e+00   1.3797328e+00  -8.7978139e-02  -2.1406582e+00  -3.5574439e-01   5.4336803e-01   3.5423395e-01
   2.0000000e+00  -1.0305210e+00  -1.7710597e+00   1.4504590e+00  -3.0599577e+00   1.3450087e+00   2.9061053e-01
   2.0000000e+00  -4.0798234e-02  -1.0309715e+00  -2.6386065e+00  -1.9822803e-01   1.2042307e+00   9.3018403e-01
   2.0000000e+00  -7.8880675e-01   7.3975688e-01  -1.3745178e+00  -3.0740986e-01  -4.2705392e-01   6.5089306e-01
   2.0000000e+00  -9.4276694e-01   3.5235896e-01  -4.7394802e-02   2.7625603e-01  -1.2262768e+00  -4.7392437e-02
   2.0000000e+00   2.8454905e-01   1.8091192e+00  -4.6647199e-01   1.4804206e+00  -1.4336859e+00   8.5531039e-01
   2.0000000e+00   7.3447233e-01   1.1635749e+00   6.3247769e-01  -8.7385503e-01  -1.3769275e+00  -8.5018353e-01
   2.0000000e+00  -1.2196119e+00  -1.3273232e+00  -9.9603562e-01  -3.1335129e-01  -1.2063434e+00   1.4256240e+00
   1.0000000e+00  -2.2538215e+00   8.3975244e-01   1.1594310e+00  -5.9069764e-01   8.6712099e-02   2.9671424e-03
   2.0000000e+00  -4.5279795e-01   3.8715119e-01   2.3940844e-01   8.8837751e-02  -1.6111544e-01  -1.3855764e+00
   2.0000000e+00  -5.1581606e-01   1.1548465e+00  -1.1212649e+00  -1.4645980e+00   1.0956354e-01  -7.6117135e-01
   2.0000000e+00  -6.0555281e-01   8.1238368e-01   9.4449784e-01  -1.8352615e-01  -1.6082258e+00   1.7682282e+00
   1.0000000e+00  -1.8670765e-01  -7.9935681e-01   7.8101897e-01   1.4646523e+00   2.1745157e-01  -1.7638276e+00
   2.0000000e+00   8.6637139e-01  -1.8633691e+00   7.4052537e-01   1.8726388e-01  -1.1212596e+00   5.2581377e-02
   2.0000000e+00   6.4699449e-01   2.9635208e-01   1.2737556e+00   1.1516467e-01   2.0671321e+00  -3.3113896e-01
   2.0000000e+00  -1.2655192e-01   1.1921619e+00  -9.7895188e-02   3.0422512e-01  -8.8826406e-01   1.2266063e+00
   1.0000000e+00   3.0850741e-01   4.6325842e-01  -6.2212927e-01  -1.5265170e+00   1.6400574e-01  -1.5288424e+00
   2.0000000e+00  -8.6290392e-02  -2.9177442e-01   1.0183943e-01   2.9217728e-01  -1.7405464e+00  -1.2863125e+00
   1.0000000e+00   9.5150446e-01   2.4200841e-01   7.1227443e-01   5.1657619e-01   2.7437135e-01   1.8752444e+00
   2.0000000e+00   4.1797059e-01   1.0100257e-01   8.0397655e-01   5.7902292e-01  -2.4463175e-01  -5.0457910e-01
   2.0000000e+00   3.3689006e-01  -9.9892512e-01   2.4814313e-01   6.4214927e-01   2.6539093e-01  -8.2288005e-01
   2.0000000e+00   3.9988527e-01   1.7239304e+00  -1.5617038e+00  -1.2759191e+00   1.2046698e+00   5.2133561e-01
   2.0000000e+00   8.8053936e-01   2.0134309e-01  -5.8102148e-01   2.6882525e+00  -5.8873611e-01   1.6535009e+00
   2.0000000e+00   9.1520116e-01   1.1712758e+00   4.8148233e-01  -1.5792528e+00   1.5091620e+00   5.9104153e-01
   2.0000000e+00  -1.7431156e+00  -7.9336480e-01  -1.6581877e-01  -2.0433540e-01  -4.7963424e-01   1.0277313e+00
   2.0000000e+00   3.3245696e-01   4.8017648e-01  -1.6838033e+00  -2.2523202e-02  -3.6581408e-01   8.2220425e-01
   2.0000000e+00  -2.0991952e-01   1.1816134e+00  -2.2476090e-02  -8.5664187e-01  -1.0780951e+00  -2.4685005e-01
   2.0000000e+00  -3.5890551e-01  -1.2312672e+00   1.2241574e-02  -7.5389931e-01   1.1249108e+00   8.8420967e-01
   2.0000000e+00   1.6211321e+00   1.0623756e+00   3.9115831e-01  -4.0797287e-01   8.0413894e-01  -1.9320576e+00
   2.0000000e+00  -2.5962051e-01   1.5699117e+00  -2.4042319e+00  -2.2320290e-01  -2.8337067e-01   7.7310360e-02
   1.0000000e+00  -3.8396615e-01  -4.0584641e-01  -6.0291522e-01  -4.7975521e-01   1.8993880e-02   6.3643239e-01
   2.0000000e+00   9.1638737e-02  -1.0743609e+00   4.6135119e-01  -6.5102865e-01   7.8290174e-01   4.7012595e-01
   2.0000000e+00  -6.2081047e-01  -9.8196067e-01   1.3826960e+00  -9.4419467e-01   1.5089044e+00  -6.4944380e-02
   1.0000000e+00   2.4776440e-01   2.6546872e-01  -5.0957762e-01  -3.0457325e-01   2.9152257e-01  -3.6751107e-01
   1.0000000e+00   8.5268679e-01  -3.4575117e-01  -2.8619281e-02  -8.4141202e-01   5.4187960e-01  -9.8147680e-02
   2.0000000e+00  -5.7554342e-01  -1.5404706e-01  -9.3438427e-01  -4.5842185e-02   1.5794944e+00  -5.6033281e-01
   2.0000000e+00  -5.3255317e-01   2.4297673e+00   1.3935582e+00   1.0496385e-03  -1.1861390e+00   4.9415194e-01
   2.0000000e+00  -1.1365704e+00   2.7655944e-01   7.3045551e-01  -4.6574879e-01  -1.6092124e+00   1.9022784e-01
   2.0000000e+00   5.0145749e-01   1.5956949e-01   2.5018367e-01   3.2115324e-01  -9.8272268e-01   1.1952970e+00
   2.0000000e+00   1.3213348e+00  -1.3221118e+00   6.2406371e-01   7.0741466e-01   2.9340837e-01   1.5029884e+00
   1.0000000e+00   1.1714188e+00  -7.0549717e-01  -1.5619808e-02   1.8380768e+00   4.9190257e-01   1.6833879e-01
   2.0000000e+00  -6.8095785e-01  -1.8818537e+00  -5.8413868e-01  -2.1851988e+00  -2.8007700e+00   2.9430169e-01
   2.0000000e+00   2.7120353e-01   1.1740299e+00   5.4823155e-01   9.4839144e-01  -7.6819185e-01   1.7138095e+00
   2.0000000e+00  -1.8721791e-01  -2.4949200e+00  -9.9716786e-01   2.9957815e-01  -3.8645951e-01   1.0617790e+00
   2.0000000e+00   2.7710241e-01  -4.9808511e-01   1.5013306e+00  -2.1387922e-01  -5.5860463e-02  -2.6591347e-01
   2.0000000e+00   1.3912222e+00   6.6281647e-01  -3.1605571e-02   1.1002643e+00  -2.1847138e-01  -3.1192465e-01
   1.0000000e+00   7.2048416e-02   9.4602701e-02   2.1222191e+00  -8.7642648e-01   1.9161500e-01   5.1330989e-01
   1.0000000e+00  -6.6076297e-01   9.5243253e-01  -6.5922075e-01   1.1678211e+00   1.8652929e-01   7.0319006e-01
   1.0000000e+00  -5.7399337e-02  -4.8361852e-01  -3.0587097e-01  -9.5331015e-01   6.7823047e-01   2.7957488e-01
   1.0000000e+00   9.3888110e-01   6.7479478e-02  -5.8571919e-01   2.0780336e-01   6.2619772e-01  -1.8451290e+00
   2.0000000e+00   1.5507587e+00   2.3793068e+00   2.2275311e+00  -3.2347952e-01  -1.0435644e-01   2.5270404e+00
   2.0000000e+00   1.2442052e+00  -2.6164953e+00   3.9901141e-01   8.0532253e-01  -8.7580129e-01   1.2675915e-01
   2.0000000e+00  -2.4416630e-01   4.7619462e-01   2.7606083e-01   8.5664882e-01  -1.5449942e+00   2.1644341e-01
   2.0000000e+00  -9.2413724e-01   1.4856553e+00   4.5258023e-01  -3.6878687e-01   1.1458056e+00  -3.7099666e-01
   2.0000000e+00   1.2660944e+00   8.8413937e-01  -1.1242593e-01  -4.9412272e-01   7.0785162e-01  -1.7042731e-01
   2.0000000e+00   3.3981538e+00  -4.6951714e-01  -8.8647727e-01  -8.3888748e-01  -6.4809287e-01   1.1481348e+00
   2.0000000e+00  -3.9987943e-01   7.7143196e-01  -6.0453780e-01   1.4256694e+00  -6.7706040e-01  -9.1609190e-01
   2.0000000e+00   3.1248829e-01   4.0171813e-01   7.7438145e-01   3.9649054e-01  -2.5747653e-01   1.5740558e+00
   2.0000000e+00  -1.4911443e-02   1.1908745e+00  -1.8403838e-01   9.1664096e-01  -5.6077207e-01  -4.2727436e-01
   2.0000000e+00   7.6473827e-02   6.4766544e-01  -5.1838331e-01  -6.0793489e-01  -3.1723438e-01  -6.3039948e-01
   1.0000000e+00   5.5842296e-01  -9.3963887e-01   1.2906036e+00   5.7120736e-01   2.3765740e-01   3.0302957e-01
   2.0000000e+00   1.1452091e+00   1.5611930e+00  -4.8627260e-01  -2.4200380e-01  -1.1536601e+00   1.8209275e-01
   2.0000000e+00  -1.4066906e+00   6.0151530e-01  -7.0576374e-01  -1.6504653e+00  -1.0923463e+00  -7.9602868e-02
   2.0000000e+00   3.5708575e-01   6.5281206e-01   3.7178626e-01  -2.0031576e+00   1.5757069e+00   1.9382642e+00
   2.0000000e+00  -1.3321391e+00  -8.5785208e-01  -4.3404801e-01  -4.3483687e-01  -1.8830982e-01  -4.6802107e-01
   1.0000000e+00   2.0735865e+00   6.7633210e-01  -1.2428031e+00  -3.3993742e-01   1.3749986e-01  -1.2485783e+00
   2.0000000e+00  -1.8488921e+00   1.4312730e+00  -2.9076575e-01   6.9117545e-01  -5.0240874e-01   1.2924284e+00
   2.0000000e+00  -9.2884130e-01  -1.9209225e-01   6.2363987e-01  -1.1561000e+00  -2.6464499e-01   1.5827857e-01
   2.0000000e+00  -2.4218778e-01  -9.7710010e-01  -1.0459687e+00   6.2628861e-01  -8.7005030e-01  -6.7516545e-01
   2.0000000e+00  -1.2417192e+00   2.1153589e-01   7.7860551e-01   2.3918361e-01  -1.7126888e-01   3.0677726e-01
   2.0000000e+00  -1.0491039e+00  -1.2618369e+00  -4.5110415e-01  -1.1511961e+00  -4.1916150e-01  -1.7464506e+00
   2.0000000e+00  -4.3698025e-01   1.0746854e+00   3.1667091e-01  -1.3244741e+00   1.2903840e+00  -1.8958464e+00
   2.0000000e+00   2.2016455e+00  -1.1969586e+00  -3.6367617e-01   6.9748166e-01   8.3402413e-01  -1.0000194e+00
   2.0000000e+00   3.8470889e-01  -6.4961545e-01   8.8939173e-01  -6.2331720e-01  -3.3555075e-01  -3.7781755e-01
   2.0000000e+00  -1.6449791e+00  -8.8510251e-01  -1.3437931e+00  -1.1129385e-01  -1.1914457e-01  -9.7681364e-01
   2.0000000e+00   2.3072840e+00  -4.6590796e-02  -1.8658182e-01   1.3202206e+00   2.0372452e+00   6.1730576e-01
   2.0000000e+00   4.1430020e-01   7.5723326e-02   1.5480720e+00   1.1017607e+00  -3.1982930e-01   8.8240503e-01
   2.0000000e+00  -1.8156647e-01   2.0388487e-01   1.1778768e+00  -1.4332335e+00  -1.7759008e-01   8.2479759e-01
   2.0000000e+00   1.1626805e+00  -8.7989730e-01   2.1921229e+00   4.2982225e-01  -1.8534245e+00  -8.5082341e-01
   2.0000000e+00  -8.6922252e-01   4.1219738e-01  -7.7868295e-01   3.6883872e-01   9.2204144e-01   1.6536298e-01
   2.0000000e+00   9.3714912e-01   7.8061794e-01   1.1391605e+00   2.0441851e-01   7.2686171e-01   1.0199800e+00
   2.0000000e+00   4.7860232e-01  -1.2859355e+00  -1.5355471e+00  -7.9918374e-01   1.5254898e+00   8.7063622e-02
   2.0000000e+00   1.5475005e-02  -2.3873114e+00  -7.8992372e-01   1.0262807e+00  -1.2882855e+00   1.2228620e+00
   2.0000000e+00   1.5069362e+00  -1.2934133e+00   2.7362771e+00  -6.7490528e-01   1.1146291e+00  -4.9342673e-01
   2.0000000e+00   3.8893715e-02   1.0175788e+00   7.5197450e-01   4.9758602e-01  -2.4917850e+00   1.7587561e-02
   2.0000000e+00  -4.7209106e-01  -9.1377851e-01   6.7372542e-01   4.0387037e-01  -1.8659819e+00  -2.9398056e-01
   2.0000000e+00  -3.2843013e-01   1.0003077e+00   1.2780366e+00   1.6522682e+00  -3.1650274e-01   5.4198795e-01
   2.0000000e+00   8.2752218e-01  -1.4469319e+00   3.8014798e-01   1.8309776e+00  -4.0096272e-01  -7.4371766e-01
   2.0000000e+00   7.2405525e-01  -4.2732955e-01  -7.6155612e-01   3.4454574e-01  -9.7141280e-01  -5.5890588e-01
   1.0000000e+00  -1.3294546e-01   3.9762023e-01   2.9481882e-01  -7.2917150e-01   9.1637791e-01   9.6343508e-01
   2.0000000e+00  -7.5823051e-01   5.0023596e-01  -1.5662981e+00  -5.1918702e-01   1.7493883e+00  -2.1900832e+00
   2.0000000e+00   1.3287154e+00  -1.4066134e+00   1.1556387e+00  -1.6299065e+00  -8.1607079e-01  -6.9568209e-01
   2.0000000e+00  -1.4923714e+00   8.0008108e-01   3.3912472e-01   2.3702911e+00  -2.0218342e+00  -6.7627001e-01
   2.0000000e+00  -1.1980019e+00  -3.6160040e-01  -2.1457074e-01  -6.1686171e-01  -4.9209971e-01  -1.0497357e+00
   2.0000000e+00   6.6618594e-01  -1.4141720e+00   5.5382971e-01  -7.9831972e-01  -8.5431750e-01  -1.2824952e+00
   2.0000000e+00  -1.9497703e+00  -1.9373255e-01  -2.0899155e-02  -2.7844444e-01  -5.2702653e-01   8.2951684e-01
   2.0000000e+00  -2.0698988e-01  -6.8673271e-02  -1.1858746e+00   1.2055071e+00   2.5564187e+00   5.7099666e-01
   2.0000000e+00  -7.0437395e-01  -4.2735726e-01  -1.7333769e+00  -6.4849916e-01   1.6148188e+00   2.4028786e+00
   2.0000000e+00   6.1605993e-02   1.0587410e+00  -6.3797819e-02  -3.7001252e-01   2.8589349e-01  -1.3176312e+00
   2.0000000e+00  -4.0126268e-01   2.6576463e-01   1.4348139e+00  -6.5316188e-01  -6.1408840e-01  -1.2487310e+00
   2.0000000e+00  -1.8680264e+00   5.1904674e-01   3.5424809e-01  -6.0381630e-01  -1.2164528e-01  -1.0818350e-01
   2.0000000e+00   7.7145157e-01  -1.1008259e+00   5.9088848e-01   1.3557639e+00   1.9498106e+00   6.1089493e-01
   2.0000000e+00  -1.4722088e-02  -1.2257981e-02   1.8779453e-02   7.7752285e-01  -3.0008040e-01  -3.8485398e-01
   2.0000000e+00   1.3510936e-01   1.2717300e+00   6.2216158e-01   1.3460808e-01   1.9527746e+00  -7.2458527e-01
