   2.0000000e+00  -2.0779193e+00  -8.9761651e-01   1.1319571e+00  -6.6950596e-01  -4.8039702e-01  -2.0238155e-01
   2.0000000e+00  -1.3961555e+00   1.3164213e+00  -6.4627867e-01  -5.1638062e-01   1.9806397e+00  -1.4251282e+00
   2.0000000e+00   7.6250655e-01  -3.9999301e-01   6.9293175e-01  -1.4384539e+00  -2.5306482e-01  -3.5388991e-01
   2.0000000e+00  -9.2010753e-01   1.2058820e+00  -3.8181066e-01   2.0370886e-01  -9.8304072e-01  -4.8411696e-01
   2.0000000e+00  -9.6340837e-01  -1.1620213e+00  -3.5703697e-03  -1.4158758e+00  -1.4610895e+00  -8.9018172e-02
   2.0000000e+00   1.1327817e+00   4.5587796e-01  -7.8736485e-01  -1.9108522e+00   3.5208086e-01  -6.1113415e-01
   2.0000000e+00  -9.7343134e-01   1.8105141e-01  -1.1225162e-01   1.4126242e-02   2.7783088e-01  -2.5659974e-02
   2.0000000e+00  -1.1954356e+00  -1.0044985e+00  -3.0241958e-01  -5.8753767e-01  -5.8910775e-01   3.6437852e-01
   2.0000000e+00  -4.2643266e-02  -8.7498905e-01  -3.9281611e-01  -1.7578912e+00  -2.6819724e+00  -1.9326500e-01
   2.0000000e+00   3.3428926e+00   1.0550229e+00  -1.4557868e-01  -8.7724496e-01  -5.9540193e-01  -4.7902019e-01
   2.0000000e+00   5.2741322e-01  -7.5639103e-03  -8.4720269e-01   1.3579818e+00   7.2920687e-01   6.5427782e-01
   2.0000000e+00  -1.1395248e+00  -1.9422434e+00   1.2817783e+00  -1.9635322e-01   2.6614657e-01   7.7693437e-02
   1.0000000e+00   6.9071591e-01  -4.1092757e-01   3.0516282e-01   5.2196201e-01  -1.6489784e+00  -1.6285066e+00
   2.0000000e+00  -4.5191412e-01   1.6190352e+00  -1.3224006e-01   3.6838675e-01  -2.3045201e+00   1.2241098e+00
   2.0000000e+00   2.3885996e-01  -3.3190196e-01  -1.5257497e+00  -1.1652837e+00   1.2185399e-01   4.0671847e-01
   2.0000000e+00   2.7941824e-01  -1.5704502e+00   1.0989136e-01   2.5025923e+00  -9.5721901e-01  -1.4658746e+00
   2.0000000e+00  -1.1966598e+00   4.9087130e-01  -5.6768428e-01  -1.2551962e+00  -1.0397226e+00   1.8669654e-01
   2.0000000e+00   2.3545769e+00  -1.2479345e+00  -4.6191714e-01  -9.4026584e-01  -1.7947801e-01   2.0277543e+00
   2.0000000e+00   8.8238964e-01   7.1856905e-02  -9.4014286e-03  -2.9233883e-01   1.2167664e+00  -9.0960540e-03
   2.0000000e+00  -1.4996183e+00   6.5762871e-01   1.3846226e+00  -9.9336382e-01   4.7275339e-01  -1.5192749e+00
   2.0000000e+00  -2.7876874e+00  -1.7764386e+00   4.1427603e-02  -1.6290932e+00  -1.3624803e-01   1.7362354e-01
   2.0000000e+00   5.4165925e-01  -8.7466157e-01   1.5817800e+00   1.2359835e+00  -1.2811461e-01  -1.2562229e+00
   1.0000000e+00   1.4263244e-01  -6.7214250e-01   5.4105353e-01  -2.0621334e-01  -7.6458299e-02  -7.9208521e-02
   2.0000000e+00  -2.8160617e-01   2.3537453e+00   7.3887937e-01  -4.8942724e-01  -6.4352633e-01  -6.0339921e-01
   2.0000000e+00  -7.7444063e-01  -3.5835168e-01   9.6771866e-02  -1.3833799e+00   4.4717180e-01  -1.0694811e+00
   1.0000000e+00  -2.1368322e-01  -1.0824803e-01   7.2950057e-01  -4.8230712e-01  -1.0385068e-01  -7.9625339e-01
   2.0000000e+00   1.0755804e+00   8.7066834e-01   9.4442564e-01   7.2223378e-01  -3.5186724e-01   9.5301187e-01
   2.0000000e+00   4.9630096e-01   1.8803631e-01  -7.1687257e-01  -1.4114011e-01  -1.6537362e+00  -1.4177681e-01
   1.0000000e+00  -1.8695951e+00  -1.5082411e+00   3.0867356e-01   4.2804666e-01   3.3501615e-01  -5.4404627e-01
   1.0000000e+00  -8.5323004e-01   1.3795835e+00   4.4096470e-01   6.9691362e-01   1.2723949e+00  -1.1107935e+00
   1.0000000e+00   1.5248569e+00   6.3445367e-02   5.7738249e-01  -2.2771004e-01   7.8339689e-01  -2.2659108e+00
   1.0000000e+00   1.2134525e+00   8.3492811e-01   1.0439619e-01  -3.0775677e-02   5.3575229e-02   7.2070782e-01
   2.0000000e+00  -1.7202287e-01  -1.2059024e+00  -9.9327567e-01  -2.4393457e-01  -5.3742387e-01  -1.1222484e+00
   1.0000000e+00   1.0120139e-01  -8.0744944e-01   4.5028786e-01   3.0653668e-01   4.4127998e-01  -3.4342734e-01
   1.0000000e+00  -6.9847513e-01  -4.3069374e-01   1.0579973e-01   3.6257413e-01   4.3858836e-01  -8.4850795e-01
   2.0000000e+00  -4.3776231e-01  -2.2031416e+00  -6.2886810e-01   2.8273643e-01   3.4015013e-01  -2.4337803e+00
   2.0000000e+00   4.3358739e-01   1.8212887e-01  -7.9775327e-02   1.7172911e-01  -3.1767154e-02  -4.2010203e-02
   2.0000000e+00  -2.1288789e+00  -1.0020435e+00  -6.3792025e-01   1.5213705e+00   1.8828755e-02  -5.9436089e-01
   2.0000000e+00  -7.8034486e-01   8.7631456e-01  -6.2549328e-01   2.8349025e+00   9.8332555e-01  -7.1258696e-02
   2.0000000e+00   1.5814738e-01  -2.0644932e+00   2.1616723e+00   4.7131542e-01   1.1683073e-01  -5.8207775e-01
   2.0000000e+00  -1.2520079e+00   2.6346782e+00  -2.0506043e+00   1.3073377e+00  -1.1070579e+00  -1.5036479e+00
   1.0000000e+00  -6.0052569e-01  -3.3300037e-01   7.7716995e-01  -1.2723203e-01  -1.1660391e-01   3.2016235e-01
   1.0000000e+00   1.6450081e+00  -9.9059698e-01   7.9240045e-01   3.3552489e-01  -3.5631343e-01   1.8801287e+00
   2.0000000e+00   1.6107712e+00   7.2922041e-01  -3.5459378e-02   1.4919453e-01   2.9098893e+00   2.2853141e-01
   2.0000000e+00  -1.2942003e+00  -5.1195846e-01   5.0776690e-01  -1.1149110e+00  -2.1603731e-01   1.0054935e+00
   2.0000000e+00  -5.3881004e-01  -8.5038435e-01  -7.9111301e-03   6.0804177e-01   2.7494225e-01   1.1477162e+00
   2.0000000e+00  -1.2565986e+00   2.8525748e-02  -6.7881680e-01   1.0822789e+00   3.5589736e-01  -6.7039487e-01
   2.0000000e+00   5.9772316e-01  -6.6728863e-01  -1.9484158e+00   6.2917185e-01   1.2852812e+00  -5.2540770e-01
   1.0000000e+00  -5.4761478e-01   1.4782971e+00   3.4260246e-01  -6.7179418e-01   4.2441119e-01  -7.6181549e-01
   2.0000000e+00   7.4416289e-01   1.0640308e+00   2.5077134e+00   9.2595661e-01   7.6657449e-01   6.1253033e-01
   1.0000000e+00   1.1224861e+00   6.6638807e-01   3.9155480e-01   7.0465846e-02  -1.3677866e-01  -1.1561083e+00
   1.0000000e+00   6.0618330e-01  -6.3640759e-01   4.2639330e-02  -8.8159324e-01  -2.7963918e-01   5.6484485e-01
   1.0000000e+00   4.6012830e-01  -4.1900556e-01   9.6243474e-01  -5.4273326e-02   1.1622436e+00  -1.6113117e+00
   2.0000000e+00  -4.4485480e-01   1.1618050e-01  -7.6730968e-02   1.2617321e+00  -1.5497891e+00  -1.6636751e-01
   1.0000000e+00  -9.4204217e-01  -4.4919495e-01   2.8723577e-01   2.0844949e-01   5.5274280e-01   1.7269021e-01
   1.0000000e+00   7.8213113e-01   9.6257223e-01   5.5445857e-01   5.3900612e-01  -1.2144554e+00   1.4150699e+00
   2.0000000e+00  -1.9584899e-02   7.3112325e-01   8.6110574e-02   1.1355074e+00  -2.9095692e-01  -6.1177546e-01
   2.0000000e+00   1.3868204e-02  -1.6249194e-01   7.0877944e-01   1.0661921e+00  -2.9250298e+00   1.8062974e+00
   2.0000000e+00   2.2665456e-01   7.2248139e-01   1.3760882e+00   1.6450473e+00   1.0929763e+00   4.2774666e-01
   2.0000000e+00   1.2732220e-01  -1.1244959e+00  -3.8971497e-01  -1.5413567e+00   5.8293934e-05  -6.7140063e-01
   2.0000000e+00  -1.5520899e+00  -1.7576643e+00   1.9056374e+00   9.3311318e-01   2.1082087e-01  -1.3507570e+00
   2.0000000e+00   6.7472240e-01   8.2339190e-01  -4.7000666e-01  -9.0499843e-02   4.8463931e-01   3.0560778e-01
   1.0000000e+00  -1.2763602e+00  -1.6566205e+00   2.1417826e-01  -2.9617391e-01  -1.2266956e+00  -6.3233044e-01
   2.0000000e+00   1.2025489e+00   3.5952621e-01  -1.6389494e-01   1.9243401e+00  -2.6741099e-01   7.7433507e-01
   1.0000000e+00   5.7005827e-01   2.8072400e-01   3.1220741e-01  -5.7537928e-01  -1.4002152e+00   3.4170504e-01
   2.0000000e+00  -6.9147677e-01   1.8000604e-01   7.0685852e-02  -1.1726622e+00  -1.2391890e+00  -2.8514489e-01
   2.0000000e+00   1.0401782e-01  -9.8684552e-02   7.6132157e-01  -1.3417838e+00   2.0646732e-01  -1.3102100e+00
   2.0000000e+00   1.0484562e+00   8.8649511e-01   1.9971841e+00  -1.3472833e+00   1.3284970e+00   6.4617003e-01
   1.0000000e+00   2.0958103e-01   1.5798130e-01   6.0917988e-01  -5.4543010e-01  -3.4863162e-01   3.0049843e-01
   2.0000000e+00   3.3977047e-01  -4.0023653e-01  -3.3292155e-01  -1.1110512e-01   2.3579416e+00  -4.6379184e-01
   2.0000000e+00   1.0621628e+00  -1.3354556e+00  -1.3313890e+00  -2.3238916e+00   6.0018837e-01  -7.4654747e-01
   2.0000000e+00  -5.8965693e-01   3.4120013e-01  -5.3109820e-01   9.1180986e-01   1.8132675e-01  -6.0720135e-01
   2.0000000e+00  -2.2411564e-03  -2.4098705e-01  -3.1836684e-01   4.6858159e-03  -8.4385090e-01   1.5937462e-02
   1.0000000e+00  -8.3346244e-01   6.5156790e-01   5.9128778e-01   6.4619201e-01   1.5086953e+00   1.5594842e+00
   2.0000000e+00   6.4439698e-01  -6.7057341e-01   2.9454662e-01  -1.0122986e+00  -7.9007241e-01  -1.7252349e+00
   2.0000000e+00   5.2022850e-01  -3.0958351e-01  -7.7709305e-02  -7.1086416e-01   5.6956206e-01  -1.4331300e+00
   2.0000000e+00  -3.8833956e-02  -1.3757961e+00   1.0937260e+00   6.8752473e-01   1.1502619e-01  -1.0669820e-01
   2.0000000e+00   7.2067174e-01  -2.0694744e-01   1.8644707e-01  -1.7213475e+00   1.2441888e+00   2.0339597e-01
   1.0000000e+00  -7.7468546e-01  -1.0224822e-01   2.5141198e-01   8.8259312e-01   1.7539027e+00  -1.6134104e+00
   2.0000000e+00  -1.0598640e-01   6.6054158e-01  -8.4085149e-01   2.0682070e+00  -5.4935042e-01  -2.6317006e+00
   2.0000000e+00  -3.2219831e-01  -4.6175451e-01  -5.7324014e-01  -4.2783941e-01  -1.6252935e+00  -1.3563374e+00
   2.0000000e+00  -1.2449908e+00   4.7308311e-03   1.0659005e+00  -4.3258015e-01   4.2598592e-02   2.7836107e-02
   2.0000000e+00   1.1402706e+00   1.3493168e+00  -1.0056281e+00  -1.0045190e+00  -6.6517304e-01   1.2606156e-01
   2.0000000e+00  -3.7559138e-01   8.3777704e-03  -1.4173608e-01   2.4873779e-01  -2.7088105e-01  -1.2198888e+00
   2.0000000e+00  -7.0321495e-02  -1.2955693e+00   2.0547956e-01   1.2330740e+00  -2.1162687e-01  -9.6460741e-01
   2.0000000e+00  -1.0687620e+00  -2.8187962e+00  -4.8097170e-01   1.4916777e+00  -6.2028115e-01  -5.3981689e-02
   2.0000000e+00  -3.3417725e-02  -2.6189108e-01  -7.8464578e-01   7.6162830e-01  -1.1640054e+00   1.0039092e+00
   2.0000000e+00   1.6369719e+00  -1.9470524e+00   6.0051368e-01  -1.3218029e-01  -1.1631047e+00  -2.0140130e+00
   2.0000000e+00   1.8236024e+00  -7.5064578e-01  -6.7372489e-01  -4.5730054e-02  -3.5061540e-01  -4.1656623e-01
   2.0000000e+00  -1.3967434e-01  -1.5549047e+00   1.2879062e+00   6.4737178e-02   9.5185496e-01   1.5964102e+00
   2.0000000e+00   3.2362546e-01  -1.6248844e+00   1.6080951e+00   7.4797839e-01   4.9059235e-01   5.5981574e-01
   2.0000000e+00  -1.0292285e+00  -5.0337827e-01  -6.3918251e-01   1.7968971e-01   6.0062035e-01   8.2582075e-01
   1.0000000e+00  -3.6008912e-01   9.0455794e-02   6.6626268e-01  -5.1195361e-01  -1.9015169e+00   9.9535865e-01
   2.0000000e+00  -7.4116680e-01   1.8466531e+00  -7.1211663e-01   5.8298237e-01   4.9277251e-01   2.5559772e+00
   1.0000000e+00   1.0445524e+00   2.7427700e-01   1.1456292e-01   3.7539803e-01   3.8047226e-01   1.1159001e-02
   2.0000000e+00  -8.6682063e-01  -2.0938093e-01  -1.1149559e+00   1.1301679e+00   3.1249369e-01  -4.2690586e-01
   2.0000000e+00   8.5063006e-02  -1.5229128e+00   1.4602649e+00  -1.2475507e+00  -2.6593032e-01   2.8835519e+00
   2.0000000e+00   2.9616174e-01   2.7712953e-01  -2.3294709e-01   1.4354625e+00   3.3556836e-01  -4.8709748e-01
   2.0000000e+00   2.8172688e-01  -8.2519772e-01   1.0183700e+00  -1.0674400e+00   1.5995740e-02   7.8016860e-01
   2.0000000e+00   1.3604885e-01   1.5762861e+00   6.6773808e-01   8.5267511e-01   5.1875482e-01  -5.6773778e-01
   1.0000000e+00  -2.6153127e-01  -6.8845208e-01   6.8552096e-01   1.7029792e-01   4.6949091e-01  -2.5295127e-01
   2.0000000e+00  -1.4239577e+00   2.8064212e-01   1.8206538e+00  -4.5675577e-01   9.5401611e-01   1.4597004e+00
   1.0000000e+00  -9.1126115e-01  -8.9469178e-01   7.8410025e-02   9.1495537e-01  -3.4282539e-01  -3.2687027e-01
   2.0000000e+00  -1.5534906e-01  -1.5371075e+00   6.3016670e-01   1.7112781e+00   1.2021412e+00  -5.6966521e-01
   1.0000000e+00   5.0281215e-01   1.7392055e+00   6.1548833e-01   3.6063265e-01   3.4378735e-01  -1.6234630e-02
   2.0000000e+00  -2.1446137e+00  -5.4076690e-01  -1.3835801e+00   1.7425143e+00   8.6995433e-01  -4.8838850e-01
   2.0000000e+00  -1.9072891e-01  -4.3224664e-02   4.0018921e-01   2.4980803e+00   1.4225153e+00   2.7386649e-01
   2.0000000e+00   7.6752572e-01   8.9447126e-01   1.2324154e-01  -1.3701543e+00  -2.7176989e-03   3.2506767e-01
   2.0000000e+00   1.0857090e+00  -2.4371680e+00  -1.9010409e+00   3.9088871e-01   5.9522081e-02   6.7321853e-01
   2.0000000e+00  -3.6396700e-01  -8.2621158e-01   8.9124661e-01  -1.7068234e+00  -1.1725039e-01   5.4857956e-01
   2.0000000e+00  -1.4548624e+00  -1.1155534e+00   1.9780939e+00  -1.2846734e+00  -2.6316068e-01   1.7752121e-01
   2.0000000e+00  -2.3940045e+00   6.1281067e-03   3.3201036e-01   2.5668935e+00  -1.5710234e+00   1.3676250e-01
   2.0000000e+00   5.9952891e-01   1.8175000e-01  -1.0354858e-01   5.0073140e-01   2.3397118e+00   8.8797164e-01
   2.0000000e+00  -1.2086830e+00   1.7612661e+00  -1.0781323e+00  -1.9141054e+00  -1.4231854e-02  -9.1935779e-01
   1.0000000e+00   8.1104572e-01  -9.2866745e-01   8.0323098e-02   6.2023045e-01   7.7208475e-01   1.8738542e-01
   1.0000000e+00  -1.6203415e+00   2.6026998e-01   3.8179851e-01   7.4100285e-01  -5.2539552e-01  -1.8582855e+00
   2.0000000e+00   7.3727196e-01   1.0216573e+00   1.0325666e+00  -9.2088279e-01  -1.4853818e-01   6.2714575e-01
   2.0000000e+00  -1.1001364e+00  -5.2649206e-01   5.0199378e-01   1.6675610e+00   7.2819649e-01  -1.7040718e+00
   2.0000000e+00   1.6902024e+00  -1.9242823e+00   6.1577873e-01   3.8448763e-01  -7.4573458e-01  -3.7552464e-01
   2.0000000e+00   4.0153141e-01   1.5639020e-01   1.3484202e+00   1.2472251e-03   1.0369514e+00   6.7509848e-01
   2.0000000e+00  -2.4665443e+00  -1.7700797e-01  -1.6533935e-01  -5.0834013e-01  -9.9849097e-01  -9.9105704e-01
   2.0000000e+00  -1.7797031e-01  -2.9645799e-02  -1.6638784e+00  -1.4093527e+00   6.7525863e-01  -1.6604375e+00
   1.0000000e+00   2.7338748e-01  -6.2466779e-01   8.1636355e-01   5.4621673e-01   3.7113386e-01   1.0484447e+00
   2.0000000e+00  -2.9833747e-01  -2.2305426e-01  -1.1478525e+00  -1.6801543e+00   4.7600035e-01  -1.6865670e+00
   2.0000000e+00  -5.4266199e-01   6.9005534e-01  -3.5819709e-01  -4.8969930e-01   1.9689239e+00  -2.2005774e-01
   2.0000000e+00  -6.6721755e-01   1.2344486e+00   8.0360008e-02  -1.2308265e+00   1.3116359e+00   2.5907793e-01
   2.0000000e+00   1.3969584e-01   9.1088222e-02   2.0799972e-01  -1.0449418e+00  -2.4540713e-01  -3.8678571e-01
   1.0000000e+00  -4.0735025e-01   1.9111384e-01   3.5419255e-01   5.3504741e-01  -1.2969658e+00  -3.6325735e-01
   2.0000000e+00   4.8583428e-01  -9.8186836e-02   7.9820521e-01  -9.2388002e-01  -6.9957058e-01   1.4353800e+00
   2.0000000e+00   1.2311313e+00  -1.2737346e+00  -4.2701302e-01   1.2558938e-01   1.9299260e+00  -1.6298517e+00
   2.0000000e+00   1.1002396e+00   7.2900631e-01   1.5737760e+00   2.7762736e-01  -5.4075426e-01  -1.1967521e+00
   1.0000000e+00  -1.5178727e+00  -1.0213908e-01   3.9873592e-01   8.9884364e-02  -3.6361939e-02   5.9727232e-01
   2.0000000e+00  -2.8740635e+00   7.8554824e-02  -4.1628602e-02   2.5274797e-02  -1.8699025e+00   1.7447788e+00
   1.0000000e+00  -9.3085894e-01  -6.7049668e-01   5.6476251e-01  -4.1913678e-01  -2.0348527e-01   2.5334055e-01
   2.0000000e+00  -4.7500656e-01  -7.8116564e-01  -1.2116419e+00  -3.0313003e-01  -5.3573067e-01  -1.8057954e+00
   2.0000000e+00   3.8537560e-01   8.0923128e-01  -1.0101594e+00   7.1006915e-01  -1.1678072e+00   1.3407564e+00
   2.0000000e+00  -1.8309742e+00   3.1194582e-01  -6.4834702e-01  -5.2021530e-01   1.3197175e+00   7.2618621e-01
   2.0000000e+00  -5.5125501e-01   4.6780591e-01  -5.5695839e-01   2.3558466e-01  -1.0991105e+00   7.6300171e-01
   2.0000000e+00   8.3838914e-01   4.4987804e-01  -9.2016691e-01  -7.4530697e-01   4.2980095e-01   3.4062383e-01
   1.0000000e+00  -4.1421372e-01   1.5463647e-01   5.8191674e-01   6.5334813e-02   2.6107624e-01  -5.1371110e-01
   1.0000000e+00   1.1250829e+00  -1.2494013e+00   7.0331541e-01  -1.4509399e-01  -8.9308357e-01   1.0818320e+00
   1.0000000e+00  -9.3677588e-01  -4.0310395e-02   5.2945366e-01   1.2488562e-01   1.5881019e+00  -5.7377474e-01
   2.0000000e+00  -5.8254246e-01   9.2858369e-01   1.5422950e+00   7.4462228e-01  -1.6075762e+00   6.8074675e-01
   2.0000000e+00  -8.5677834e-01  -2.3806712e-01  -1.3659678e+00  -2.0838098e+00  -1.0483570e+00  -1.0111638e-01
   2.0000000e+00   1.3852598e+00   6.3351223e-01  -1.1291292e+00   1.1584849e+00   1.0394091e+00   9.6403690e-01
   2.0000000e+00  -4.1837694e-01  -1.0253841e+00   1.0993357e+00   2.7927198e-01  -4.5241843e-01   5.9244881e-01
   2.0000000e+00   3.5531109e-01   4.9588956e-01  -1.6858449e-01   7.5109683e-01   7.0512930e-02   1.0709126e-01
   2.0000000e+00   2.0005365e+00   6.2050149e-01   1.6883608e+00   1.0262505e+00  -4.0600054e-01  -1.8452277e+00
   2.0000000e+00   1.2201092e+00   1.3979570e+00  -3.2487142e-03   4.3537129e-01   7.1170550e-01  -6.8435539e-02
   1.0000000e+00  -1.1647974e-01   2.3751338e-01   6.6011900e-01  -3.7897610e-01   5.6050613e-01  -1.6469539e-01
   2.0000000e+00   1.4434305e+00   1.3913078e+00   6.4109454e-01   9.1007442e-01  -2.2144032e-01   5.8689631e-01
   2.0000000e+00   8.7545996e-01  -1.0226004e+00  -1.8361402e-01   1.3686908e+00   1.1587804e+00  -1.0997968e+00
   2.0000000e+00   4.3338401e-01   1.2064646e+00  -5.2599893e-01  -3.5818327e-01  -2.2003610e-01  -9.4105918e-01
   2.0000000e+00  -8.3841415e-01  -9.9427770e-01  -1.5048032e+00  -1.2063154e+00   1.8704647e-01   7.1470714e-01
   1.0000000e+00   9.9164248e-01   7.5735931e-01   1.7133467e-01   9.3128375e-01  -5.2147735e-03  -3.5620430e-01
   2.0000000e+00  -1.5245086e+00  -2.9488431e-01  -6.8912580e-01  -1.8913481e+00  -1.5074232e-01  -5.9782706e-01
   2.0000000e+00  -5.4778453e-01   5.6721216e-01  -5.9685665e-01   8.5518386e-01  -1.5502040e+00  -2.2316495e+00
   2.0000000e+00   3.9337558e-01   7.7364834e-01  -6.8930488e-01  -1.9546661e+00  -5.7980860e-04  -5.3933122e-01
   2.0000000e+00  -4.0085616e-01   2.7249111e-01  -9.8037172e-01   9.9961280e-01   2.7784768e+00   3.7234341e-02
   1.0000000e+00   7.3416309e-01  -7.9643233e-02   1.1491373e-01  -4.9447931e-01   4.3956922e-01   5.4219257e-01
   2.0000000e+00  -6.6407115e-01  -3.1261727e-01   4.0998721e-01  -1.1216856e+00   1.6523813e+00   7.7753016e-01
   2.0000000e+00   5.8340699e-01   1.9366261e+00  -3.7078865e-01   3.6880713e-01   8.5056515e-01  -6.3868015e-01
   2.0000000e+00   8.1750582e-01  -5.8292842e-01  -1.5304807e+00  -6.5671645e-01   5.2677921e-01  -7.6168658e-01
   2.0000000e+00   7.2462077e-01  -1.1654640e+00   4.7387955e-02   1.3428098e+00  -3.4236935e-01   1.7734528e-01
   2.0000000e+00   1.5824475e-01  -6.6102386e-01   1.1245118e+00  -9.1048520e-01  -7.9438729e-01   1.7025838e+00
   1.0000000e+00   7.8286299e-01  -1.2129547e+00   7.4699700e-01  -2.2991350e-01   1.4802370e+00  -9.8023772e-01
   2.0000000e+00  -3.1268325e-01  -7.0584055e-03  -1.7180861e+00   2.0723667e-01   8.4527615e-01   4.6414755e-01
   2.0000000e+00  -2.3074590e-01   1.0774477e+00   1.6493001e-01   1.4340637e+00   1.5535021e+00  -4.9623586e-02
   2.0000000e+00   9.3785057e-01  -6.9196153e-01   2.3132232e+00  -9.9185932e-01  -8.1342745e-01  -8.2381956e-01
   1.0000000e+00  -4.8237500e-01  -1.6503173e+00   6.4807223e-01   1.8988106e-01  -6.2440816e-02  -1.1136062e+00
   2.0000000e+00   1.0442828e+00   2.1696006e+00  -1.1229528e+00   1.6776082e+00   7.0693006e-01  -1.3144267e+00
   2.0000000e+00   2.2214418e-01  -5.7963420e-01  -7.4714499e-01   7.1467270e-02  -1.1718886e-01   1.0009499e+00
   2.0000000e+00  -1.1035144e-01  -1.1443975e+00   1.5866398e+00  -1.3984751e+00   9.3601666e-01  -1.6106246e-01
   2.0000000e+00   5.1135154e-01  -5.4376252e-01  -1.8081418e+00   2.0763014e+00   9.1851045e-01   7.8552322e-01
   2.0000000e+00   6.7882639e-01  -8.2394863e-01   9.8793845e-01   7.0449722e-01   1.8828008e+00   1.5391578e+00
   2.0000000e+00   7.2374010e-01  -2.7923564e-02  -6.5624376e-01  -3.4429580e-01  -9.8235450e-01  -1.1386833e+00
   2.0000000e+00  -2.1106608e-03  -9.9655041e-01  -3.2533817e-01   7.8672257e-01  -1.6821853e+00   3.9886210e-01
   1.0000000e+00  -1.8575151e-01  -6.1369190e-01   7.7185605e-01   5.7703356e-01  -4.7151543e-01  -5.0815212e-01
   2.0000000e+00   2.3679470e+00  -5.1523314e-01  -6.5286266e-01   4.7212980e-01  -1.5631728e+00  -1.5256080e-01
   2.0000000e+00   2.0199376e-01  -6.1887642e-01   7.2462682e-01   9.7576877e-01  -6.7308722e-01   7.3265628e-01
   2.0000000e+00   5.6900602e-02  -9.9507730e-01   8.4161175e-01  -9.6484283e-01  -9.1044540e-01  -1.1765294e+00
   2.0000000e+00   5.2408112e-01  -6.1921572e-01  -1.4612155e+00  -1.9903420e+00  -4.0435425e-01   6.5610176e-01
   2.0000000e+00  -6.6529306e-01  -9.9432443e-01  -1.0115558e+00  -5.5696776e-01   2.0609026e+00   1.3846569e+00
   2.0000000e+00   8.4537369e-01  -1.1328996e-01  -6.7509754e-01  -1.7711132e+00  -2.4108797e+00  -2.5692065e-01
   1.0000000e+00   6.9118422e-01   1.0526540e-01   8.3943575e-01  -8.9841807e-02   1.6375313e-02  -7.5618966e-01
   2.0000000e+00   9.1567165e-01   4.6994005e-01  -1.4754903e-01   1.5480331e-01  -4.2261547e-01  -3.5796181e-01
   2.0000000e+00  -1.5346063e+00   1.0569991e+00  -6.8913270e-01  -7.0437305e-01   2.0190946e-01  -6.3095965e-01
   2.0000000e+00   6.0313829e-01   6.4092629e-01  -8.0609141e-01   1.7538896e+00  -4.2460798e-01   3.2418002e-01
   2.0000000e+00   1.1139027e+00   7.1337005e-01   9.2218715e-01   7.9475378e-01   1.6519169e+00   3.2389173e-01
   2.0000000e+00   4.5914098e-01   1.4386992e+00  -1.1604795e+00  -8.9105473e-02   4.6735526e-01   5.4953663e-01
   2.0000000e+00  -3.2908737e-01  -8.6381803e-01   3.1858940e-01  -2.0255386e+00  -7.7825946e-02   5.8133665e-01
   2.0000000e+00  -1.7622607e-01  -6.7892983e-01   4.0048581e-01   1.9728984e+00   6.2794661e-01   2.4588582e-01
   2.0000000e+00   6.1615956e-02   1.2113632e+00  -4.7122613e-02   1.5759533e-01  -3.5933183e-01   5.3364883e-02
   2.0000000e+00  -2.2232524e+00   1.2581870e+00  -2.4064304e-03  -3.2073335e-01  -2.8638480e+00  -8.7462310e-02
   1.0000000e+00   9.6781637e-01  -1.0511666e+00   3.4122573e-01   4.6202069e-01   8.5306449e-01   1.3837750e+00
   2.0000000e+00  -1.0694482e+00  -5.4066606e-01  -9.2724351e-01  -5.5553652e-01   3.9023720e-01   6.1794236e-01
   1.0000000e+00   2.1166373e+00   7.7748701e-01   5.6216984e-01  -6.6607397e-01  -2.2583060e-01   4.1139538e-01
   2.0000000e+00   6.8450024e-01  -1.0957481e+00  -1.9469106e+00   1.0498961e-02   1.0304624e+00  -1.7829429e+00
   1.0000000e+00   6.1797284e-01   1.0682060e+00   2.8536222e-01   3.4732364e-01  -1.5060614e+00   1.1522959e+00
   2.0000000e+00  -3.2982650e-01  -5.5977488e-02  -2.6179315e+00  -2.5860395e+00   1.0357656e+00   1.7113263e+00
   2.0000000e+00   2.8309861e-01   3.1334171e-01  -1.7499448e+00   3.8855195e-02   6.9768740e-01  -9.8249446e-01
   2.0000000e+00  -5.6317750e-01  -1.4322018e-01  -8.0856161e-01   6.2877107e-01   7.0759677e-01   4.0647218e-01
   2.0000000e+00   9.7534647e-01  -2.1971632e+00  -5.8226677e-01   8.9383352e-01   2.4386509e-01  -4.9059631e-01
   2.0000000e+00   1.7020522e+00  -3.4240355e-01  -1.6982105e+00  -2.5911608e-01   2.1323957e+00   2.3689458e-01
   1.0000000e+00  -1.2237633e-01   1.2449205e+00   9.5114927e-01   1.0278903e-01  -1.8633975e-01   8.0361180e-02
   2.0000000e+00   1.2725516e+00  -1.4302057e+00   9.0097915e-01  -9.9992304e-01  -1.6766052e+00   1.9734393e+00
   2.0000000e+00  -4.2582756e-02  -4.3765693e-01   1.4936622e+00  -2.9014046e-01   1.1971791e+00   2.0598596e-01
   1.0000000e+00  -1.2694363e+00  -5.9828234e-03   4.5037348e-01   8.4887891e-01   1.6273001e+00   6.6258266e-01
   2.0000000e+00  -3.9976462e-01   4.0174535e-01  -1.8752922e-01   1.6220960e+00  -1.0475252e+00  -4.8558730e-01
   2.0000000e+00   7.5353349e-01   8.7428311e-01   8.9869248e-01   9.3070311e-01  -1.6160740e+00  -8.0248264e-01
   2.0000000e+00   7.1286112e-01   6.1703569e-01  -1.4583010e+00   4.9756540e-01  -1.1724645e+00   3.5743300e-01
   2.0000000e+00  -7.7689403e-01  -1.2801680e+00  -2.7061416e-02  -5.9554189e-01  -7.0076125e-01  -1.7863964e-02
   2.0000000e+00   2.1698565e-01  -3.9178642e-01   1.6563291e+00   1.0502755e+00   1.7133013e+00  -1.1049572e+00
   2.0000000e+00   7.2095294e-01  -1.2415420e+00  -9.2432198e-01  -1.2823098e+00   6.7959709e-01  -2.7395650e-01
   2.0000000e+00  -6.2557702e-01   7.9925612e-02  -6.0728174e-01  -9.1680451e-01  -8.9297227e-02  -9.5472859e-01
   1.0000000e+00   7.6699556e-01   5.3952020e-01   3.5154735e-01   2.8371862e-01  -7.1922433e-01  -2.0819071e-01
   2.0000000e+00   2.4954585e-01   5.9800684e-02  -2.0522647e+00  -7.0489972e-01   9.9834989e-01  -6.8023091e-02
   2.0000000e+00  -1.8123419e+00   1.5443160e-01  -7.7565666e-01   3.4536622e-01  -1.2912224e+00   7.0992404e-01
   2.0000000e+00  -3.9149195e-01   1.2849475e+00   4.4366597e-01  -9.8898483e-01   8.0533786e-02   9.0037368e-01
   2.0000000e+00  -3.7332950e-01  -3.9704380e-01   1.2622203e+00   2.9237087e-01  -1.1314913e+00  -3.0111625e-01
   2.0000000e+00  -4.0453173e-02  -1.7054796e+00   1.6202635e+00   1.0754592e+00  -5.7843082e-01   1.0249933e-01
   1.0000000e+00  -6.3747089e-01   8.5626505e-01   1.5357038e-01  -4.9073118e-01  -1.1182088e+00  -6.3745222e-01
   1.0000000e+00  -1.3228170e+00  -1.4245740e+00   7.9668086e-01  -4.9415894e-01   1.7758835e+00  -5.4033081e-01
   2.0000000e+00   1.5656279e+00  -2.1866407e-02  -4.1299827e-01  -4.8789588e-02  -2.2993091e-01   2.8555251e+00
   2.0000000e+00  -1.8001900e-01  -1.2068896e+00  -2.7536521e-01  -9.2462342e-01   6.3425948e-01   6.5152873e-01
   2.0000000e+00   3.9570997e-01   5.6349912e-01  -1.4114705e+00  -1.6550192e-01  -2.6811337e-01   8.2105167e-01
   1.0000000e+00  -5.0261556e-01  -7.6878489e-02   2.5645918e-01   7.5631593e-01   6.6950879e-01   1.2386204e+00
   2.0000000e+00   3.1356922e-01   1.4444879e+00   9.0989432e-01   4.5854009e-01   1.8695196e-01   4.3617511e-04
   2.0000000e+00  -1.1725908e+00   2.0388072e-01  -2.7442128e-01   1.0886267e+00  -4.5936373e-01  -1.1955845e+00
   1.0000000e+00   1.4628288e-01   1.1146943e+00   1.0120569e-01  -9.3995978e-01   1.9899922e+00  -4.1126059e-01
   2.0000000e+00   7.7003978e-01  -7.5145674e-01  -1.6530117e+00   9.0799568e-01  -1.2086073e-01   4.9581597e-01
   2.0000000e+00   1.4888379e-02  -2.9249848e-01  -5.5392983e-01   1.8536936e+00  -3.9799141e-01   3.4711131e-02
   2.0000000e+00  -6.9671219e-01   5.0401499e-02   1.5065111e+00   2.1438960e-01  -2.1208938e+00   1.8665536e-01
   1.0000000e+00   1.6381378e-01  -1.3401078e-01   7.3201209e-01  -1.0575044e-01   4.0198092e-01   1.6022521e+00
   1.0000000e+00   4.4676580e-01   1.0978326e+00   4.8190698e-01   1.1400464e-01  -1.0434385e-01  -3.9308826e-01
   2.0000000e+00   7.7685153e-01   1.0379806e+00   1.7845746e+00  -2.5147617e-02   2.0730935e-01   3.3885964e-01
   2.0000000e+00  -1.2006440e+00  -1.3023229e+00  -1.5013815e+00  -8.0164561e-01   1.8753594e-01  -3.9226634e-01
   2.0000000e+00  -8.7052258e-01  -2.3087415e-01   1.0775251e+00  -1.5968477e+00   1.4547882e+00  -1.1581403e+00
   2.0000000e+00  -1.9706353e-01  -3.3182879e-01  -4.9429691e-02  -9.1460734e-01   1.9857911e-02   4.7374011e-01
   2.0000000e+00  -6.7282157e-01   2.0511501e+00  -2.3617857e-01  -1.7510356e+00   2.4355189e-02  -1.6386327e+00
   2.0000000e+00  -8.9328180e-01  -6.5721435e-01  -8.4029948e-01   1.0862038e+00  -5.8908168e-01  -3.4849605e-01
   1.0000000e+00   3.3515165e-01  -1.1277169e+00   6.6986515e-02   8.1217073e-01  -8.1937906e-01   6.1936987e-02
   2.0000000e+00   1.3766479e+00  -5.8631516e-01  -6.8231009e-01  -4.0833669e-01  -4.5951733e-01  -8.1168762e-01
   2.0000000e+00  -1.4828903e+00  -1.6232619e-02  -6.0262573e-01   4.1964075e-01   1.2946747e-01  -7.6461605e-01
   2.0000000e+00  -1.9970808e+00  -1.4524477e+00  -1.2898319e+00  -2.1065054e+00   5.1828515e-02  -1.8178858e+00
   2.0000000e+00   5.9508800e-02  -3.9541166e-01  -1.3290660e+00  -1.1639247e+00   5.9805717e-01  -1.4373916e-01
   2.0000000e+00   1.7177737e+00  -5.6269531e-01  -3.6386899e-01   5.8688436e-01  -5.7064653e-01   3.6118517e-01
   1.0000000e+00  -1.0969922e+00   5.0674110e-01   1.2637126e-01  -3.8328891e-01   1.2452437e+00  -7.1483780e-01
   1.0000000e+00   1.5425095e+00   1.1727306e+00   2.4824093e-01  -6.4508796e-01  -8.0462367e-01   1.9837630e-02
   2.0000000e+00   1.8818683e+00  -8.0362962e-01  -8.5924057e-01  -4.4269882e-01  -5.0531419e-01  -4.5862127e-01
   2.0000000e+00   7.0154528e-01   1.6556126e+00   6.9811565e-01   1.9591990e+00   3.1889743e-01  -5.5785943e-01
   2.0000000e+00   1.4575792e+00  -3.4934499e-01  -2.2781990e-01   2.9929990e-01   3.8402928e-01   1.7861190e+00
   1.0000000e+00   3.7322806e-01  -8.9053220e-01   5.0787981e-01   1.5096397e-01   4.9977904e-01   7.7689361e-01
   2.0000000e+00   6.4454058e-01  -1.2306329e+00   1.3007532e+00  -1.2275678e+00  -5.3487009e-01   1.1329437e+00
   1.0000000e+00   4.0627486e-01   1.4459006e+00   8.3876824e-01   7.0448626e-02   6.9588211e-01   3.1149880e-01
   1.0000000e+00  -3.9993328e-01  -1.4853500e+00   3.0762164e-01   1.6253989e-01  -1.1824467e-01  -6.2199366e-01
   2.0000000e+00  -3.4358825e-01   8.5444694e-01  -1.3711486e+00  -1.2310045e+00   2.9054032e-01  -2.0180991e-01
   2.0000000e+00   1.2077822e+00   4.1785639e-01   3.2763183e-02   1.2711258e+00  -7.4460846e-01  -2.3218256e-01
   2.0000000e+00   2.4438355e-01   1.3016730e+00  -6.7726363e-01  -1.4416276e+00  -2.5030993e+00   6.8935298e-01
   2.0000000e+00   5.3026653e-01  -7.5831939e-01  -1.3782535e+00  -1.3888318e+00  -1.3427311e-01   4.4975410e-01
   1.0000000e+00   3.1488514e-01  -9.6450583e-02   6.0116198e-01   4.9419581e-01  -7.3603744e-01   3.7887892e-01
   2.0000000e+00   6.2753501e-01   2.2166200e-02   4.3671071e-01  -9.1531660e-01   5.1571667e-02   1.0603620e+00
   2.0000000e+00   2.0574306e-01  -4.7201510e-01   8.9546457e-01   9.5456152e-01   6.4867684e-01  -1.0734985e+00
   2.0000000e+00   2.2032203e+00  -6.3517079e-01  -4.6215847e-01   8.5706533e-01  -2.0585319e+00  -1.2672683e+00
   1.0000000e+00  -2.0525770e+00  -4.3497643e-01   2.4118835e-01   2.3472924e-01  -4.4081476e-01  -3.0137851e-01
   2.0000000e+00   1.9133905e+00  -1.0716831e+00  -2.9733458e-01   1.2396426e+00   4.8445609e-01   9.5070263e-01
   2.0000000e+00  -1.6972671e-01   1.1019018e-01   1.0629495e+00  -1.4299816e-01  -5.3821612e-01  -1.3951146e-01
   2.0000000e+00   7.3054411e-02   1.1281318e-01  -3.4160253e-01   1.6054827e+00  -1.4436262e+00  -6.5170716e-01
   2.0000000e+00   7.0064607e-01   9.0595472e-01  -1.9432156e+00   1.0201775e+00   6.5854555e-01   3.2558947e-02
   2.0000000e+00   1.7726728e+00  -8.3176599e-03   6.4586979e-01   2.4653457e+00  -3.0308811e-01  -2.6072386e-02
   2.0000000e+00   4.8775742e-01  -1.9943408e-01  -1.6944974e-01   1.6294809e+00  -1.4984774e+00  -6.5792537e-01
   2.0000000e+00   1.6000588e+00   1.9549636e+00  -2.4470737e-01  -1.1440110e+00  -2.0528961e+00   3.6237987e-01
   1.0000000e+00  -1.9711827e-01  -4.5090678e-01   5.1936009e-01  -4.8518928e-01  -5.5424551e-01   7.9086036e-01
   2.0000000e+00   2.6163384e-02  -1.0276630e+00  -5.8511932e-01  -1.6841793e+00  -8.3997540e-02   1.8715548e-01
   2.0000000e+00  -3.2332832e-01   3.0013635e-01   1.6756594e+00  -1.3494415e-02   4.2856788e-01  -8.0748681e-01
   2.0000000e+00   6.9940762e-02  -3.1492157e-01  -8.4727229e-01  -5.4586895e-01   2.1451442e+00   3.1406941e-01
   2.0000000e+00   7.2176722e-01   3.8012175e-01   2.6732761e+00  -1.0495143e+00  -4.2429994e-01   7.4034648e-01
   2.0000000e+00   3.5613561e-01  -7.4936394e-01  -2.0596910e-01   6.8445097e-01  -7.6847114e-02   3.5030636e-01
   2.0000000e+00  -7.8849916e-02  -7.1359970e-01  -1.3523658e+00  -3.3651003e-01  -9.6482005e-01  -9.1024207e-01
   2.0000000e+00   6.4138882e-01   7.9127044e-01  -4.6859703e-01  -1.2570540e+00  -1.2789992e+00  -3.1981806e-01
   2.0000000e+00   1.0147321e+00   1.1176024e+00   5.6715802e-01   1.0524668e+00   1.1277555e+00  -6.2130056e-01
   2.0000000e+00   2.7534742e-01  -1.9709058e-01   1.0511416e+00  -1.3073443e+00  -1.1851623e+00   1.4970212e+00
   2.0000000e+00  -7.6561704e-01   1.2446400e+00  -5.8968687e-01  -4.3359819e-02  -2.5418697e-01   7.6036065e-02
   1.0000000e+00  -3.0296091e-01  -1.0366923e+00   4.4991577e-01  -1.5917165e-01   5.8744865e-01   6.2397094e-02
   1.0000000e+00   1.9548288e-01  -1.3437077e+00   2.0068779e-01  -1.8272275e-01  -1.2638731e+00  -5.3233607e-01
   2.0000000e+00   1.1239903e+00  -1.1659585e-02   1.9287487e+00  -2.3289836e-03  -4.7610496e-01  -1.8321043e+00
   1.0000000e+00   6.0562888e-01   5.5812115e-01   5.5743659e-01  -7.0592057e-01   8.5336329e-02  -8.0292507e-02
   1.0000000e+00  -3.5663645e-01  -1.7078833e+00   1.1903883e-01  -2.4501611e-01   5.6023155e-01   5.2996683e-01
   2.0000000e+00   8.8392298e-01   1.7856634e-02   4.1414125e-01  -1.1950236e+00  -8.3542462e-01   5.2624196e-01
   2.0000000e+00   1.2748997e+00   1.6764430e-01  -1.1187094e+00   7.3963667e-01  -1.7038559e+00   2.6387600e-01
   1.0000000e+00   8.9500282e-02  -5.2932682e-01   8.1495730e-01   4.9971237e-01   1.7820907e-01  -1.2026315e+00
   2.0000000e+00  -6.4017830e-01   1.3857509e+00   6.2477205e-02   1.9498450e+00  -4.8974393e-01  -2.9036634e-01
   2.0000000e+00  -3.5057694e-01   4.5727377e-01   1.8009419e+00   8.8814188e-01   1.0865484e-01  -1.6544522e-01
   2.0000000e+00   2.0509487e+00  -1.0703668e+00   8.3397037e-01   1.1959959e+00   1.1553014e-01   1.0001541e+00
   2.0000000e+00   1.4316475e-01  -8.8800599e-01  -3.7378093e-01   1.0359172e+00   8.9957045e-01   2.6904376e-01
   2.0000000e+00  -1.1203325e-01   2.3048863e-01   2.2704793e+00  -1.1069989e+00  -3.0582448e-01  -5.5892741e-01
   2.0000000e+00   4.8698424e-01   4.1469664e-01  -8.5288893e-01   5.9436928e-01   1.1994429e-01  -5.3195410e-01
   2.0000000e+00  -1.8655679e+00  -4.2983852e-01  -9.5536789e-02  -1.1832264e+00  -7.0765765e-01   4.4469863e-01
   2.0000000e+00   1.5078671e-01  -1.4490374e+00  -1.0614888e+00   5.4582876e-02   9.3835099e-01   9.0894365e-02
   2.0000000e+00  -7.7817687e-01   1.6704784e+00  -6.7751783e-03   1.2834463e-01  -6.3711765e-02  -1.0962399e+00
   1.0000000e+00   1.7697639e-01  -1.8814817e-01   8.5150808e-01  -2.9281065e-01  -5.0448719e-01  -2.9722064e-01
   2.0000000e+00  -4.0256536e+00   1.1250213e+00  -8.9372700e-01  -1.4506252e-01  -1.0846120e+00  -2.9072236e-01
   1.0000000e+00  -8.7354624e-01  -2.4862498e-01   7.6851115e-01   5.2053488e-01   6.2397125e-01   4.4067879e-02
   2.0000000e+00  -1.5145856e+00  -1.0701486e+00  -4.1282267e-01  -1.5253129e+00   1.3462421e+00  -2.0714740e+00
   2.0000000e+00  -5.4678623e-01   2.6700189e-01  -3.5705524e-01  -4.8727741e-03   5.4468660e-01   5.8761400e-01
   2.0000000e+00   7.3594338e-01   7.8580893e-01  -4.0184475e-01  -1.4138195e+00   3.3400376e-01  -1.2785461e+00
   2.0000000e+00   7.1115252e-01  -1.9458313e-01  -5.8849608e-01   3.1529617e-01  -1.3123287e+00  -9.2225213e-01
   1.0000000e+00  -1.3806810e+00  -6.2336266e-01   6.0634035e-01   2.2028762e-02  -6.3994145e-02   4.7577621e-01
   2.0000000e+00  -2.3542252e+00  -8.2433387e-01   2.4547734e-01   1.1050941e+00   2.5841952e+00  -5.7614349e-01
   2.0000000e+00   6.6316093e-01  -3.6259001e-01   1.7828158e+00  -1.3143707e-01  -9.5044048e-01   1.3430831e+00
   2.0000000e+00  -1.1706446e+00  -6.8879449e-02  -3.5713303e-01   5.6650763e-01   5.3705263e-01   1.9486897e+00
   2.0000000e+00   2.5453586e+00   1.9262586e-01  -8.9884108e-02   1.4161351e-02   2.3793421e-01   6.9162149e-01
   1.0000000e+00   2.8223680e-01   1.0203381e+00   1.8502060e-01   8.4778395e-01  -4.9312275e-01   1.7264449e+00
   2.0000000e+00  -1.5084362e+00  -4.6213354e-01  -1.9083344e-01   1.0023891e-01  -4.4854390e-01  -2.7802910e-01
   2.0000000e+00  -2.0976278e+00  -6.9919533e-01  -5.3951722e-01   5.6839143e-01   1.7126297e+00  -1.2468377e-01
   2.0000000e+00   2.2045159e-01  -5.3789809e-01   1.2461770e+00   1.2531113e-02   3.1677294e-01   6.9983903e-01
   2.0000000e+00  -7.9275591e-01  -3.2026488e-01   1.0593579e-01  -1.1917744e+00   2.8240147e+00   1.3181435e-01
   2.0000000e+00  -2.6050497e-01   1.2232320e+00  -9.8821636e-01   3.2035362e-02   9.3952361e-01  -5.9984849e-01
   2.0000000e+00   2.8034182e-01  -2.4467654e-01  -4.1442918e-01   1.1743614e+00   7.4468802e-01  -7.2932043e-01
   2.0000000e+00   7.0938055e-01   1.6833721e+00  -2.4284888e-02   7.5130045e-03  -4.6588196e-01  -1.0905838e+00
   2.0000000e+00  -8.3724082e-02   8.6820751e-01  -3.3569939e-01  -8.6475998e-01   1.1140836e+00   2.4559576e-01
   2.0000000e+00   1.1856653e+00   3.7039335e-01   1.4910310e+00  -1.1447088e-01  -3.6336791e-01  -6.9234581e-01
   2.0000000e+00   1.3736600e-01   9.7827373e-02   9.7510712e-01   9.0024805e-01  -1.5632118e+00   1.0918282e+00
   2.0000000e+00   2.7024054e-01   2.5777607e-01   3.3226939e-01   1.2699530e+00  -1.3278290e+00  -8.7095542e-01
   2.0000000e+00  -8.4620577e-01   7.0087647e-01   1.3624807e+00  -7.9465076e-01   8.3033614e-01   6.2794861e-01
   2.0000000e+00   9.6748294e-02   8.8874874e-01  -3.7543317e-01  -1.9136308e-01  -1.7130531e+00   5.5004813e-02
   2.0000000e+00  -2.1049675e+00   2.9210943e-01  -3.5045412e-01   3.0035157e-01  -4.1163080e-01   2.5168767e+00
   2.0000000e+00  -7.4073921e-01  -3.8087263e-01  -8.7553587e-02   6.7370803e-01  -1.1825020e+00   4.2349864e-01
   2.0000000e+00   3.1023129e-01   1.9873406e+00  -6.1794310e-01   8.7784686e-01   3.0193570e-01  -5.3351801e-01
   2.0000000e+00  -7.1171923e-01  -1.1409901e+00   1.1182672e+00  -7.0177504e-02  -1.0806559e+00  -7.3719050e-01
   1.0000000e+00  -1.9772310e-01  -1.2953485e+00   7.1721984e-02  -2.3868221e-01  -3.1184676e-01   4.1434112e-03
   1.0000000e+00   1.6944472e+00   7.7644086e-02   4.8229085e-01   8.7552512e-01   1.9227633e+00  -3.4819121e-02
   2.0000000e+00  -1.3817756e+00   1.5334180e+00   1.3115220e+00  -2.7991002e-01  -9.9669199e-01   4.6247405e-01
   1.0000000e+00  -1.5598847e+00  -7.9189648e-01   6.6195468e-01   4.3394699e-01  -2.2704504e-01   1.7682999e+00
   2.0000000e+00   4.1514934e-01  -7.6663687e-02   1.3281867e+00   6.5831462e-01  -7.3130068e-01  -5.9451394e-01
   1.0000000e+00  -1.8262116e+00  -6.3034096e-01   6.7362594e-01   6.0333894e-01   1.2103943e-01   1.0936779e+00
   2.0000000e+00  -7.7352491e-01   5.2006149e-01   8.7943846e-01   5.8637759e-01  -8.0098652e-01  -6.7667933e-01
   1.0000000e+00   1.1448105e+00  -1.7001038e+00   4.8179908e-01  -7.0782901e-01   3.0704766e-01   1.4891852e+00
   2.0000000e+00  -3.9966345e-01   2.9724165e-01   1.4762269e+00   1.6517675e+00   2.5250772e-01   8.7618544e-01
   2.0000000e+00  -1.0539976e+00  -3.4134488e-01  -6.1726655e-01   1.2760743e+00   1.0422644e+00   7.0838304e-01
   2.0000000e+00   5.2789062e-01   6.0784042e-01   8.8710183e-01   6.4421747e-01  -7.3890741e-01   1.2447590e+00
   1.0000000e+00  -4.7068972e-01   5.3364148e-01   1.5189358e-01   1.8689646e-01   9.4873849e-01  -2.3798693e-01
   2.0000000e+00  -6.7058322e-01   1.0490406e+00  -7.0448158e-01   2.2799211e-02  -6.2091003e-01  -3.8720701e-01
   2.0000000e+00   6.0417779e-01   9.8032231e-01  -1.1956907e+00  -1.8262541e+00   1.0515070e+00  -4.4039481e-01
   2.0000000e+00   3.1151540e-01  -7.2609205e-01  -1.1136097e+00  -2.1027896e+00   1.1942705e-01   3.7674142e-01
   2.0000000e+00   3.0178700e-01   2.5181327e+00  -2.8671483e-01   1.1443269e+00   8.7145357e-01   6.9426746e-01
   2.0000000e+00  -2.7376387e-01  -5.6533564e-01  -1.1227520e+00  -2.4174057e-01  -6.5887218e-01   2.4681375e-02
   2.0000000e+00  -1.6674208e+00   6.6361053e-01  -7.6557826e-01  -1.6349427e+00  -8.7075168e-01  -6.8940028e-01
   2.0000000e+00  -8.6966238e-01   2.2445923e-01  -1.5741047e+00   1.6031619e-01  -4.5764176e-01  -1.0586769e+00
   2.0000000e+00  -1.1657376e+00  -2.4168324e-01   5.3981610e-01  -1.1276547e+00   1.6296062e+00   2.4987956e-01
   2.0000000e+00  -1.0114197e+00  -1.4073968e+00   8.3181511e-01   9.7990597e-01  -7.6977690e-01  -1.0721258e+00
   2.0000000e+00   8.2143384e-01  -8.9123753e-01  -2.8609052e-01  -5.6122713e-01   9.8801771e-01   1.3771511e+00
   2.0000000e+00   1.9361110e-01   1.0509336e+00   1.9386475e-01  -1.0593209e+00  -7.2273878e-01  -1.8105054e-01
   2.0000000e+00  -9.8201459e-01   6.5976725e-01   1.1898500e+00   1.9602064e+00  -1.6809603e+00   2.0010649e-01
   2.0000000e+00  -5.5030074e-01  -1.2691493e+00  -1.3515004e-01  -5.5693606e-01  -7.4626003e-01  -1.2149244e+00
   2.0000000e+00  -4.6545057e-01  -1.6525218e+00  -4.4614013e-01  -4.6470764e-01   1.6845700e+00  -1.2317128e+00
   2.0000000e+00   1.4754450e+00  -4.4065873e-01  -1.1131972e+00  -2.4287165e-01   3.0061804e-01   7.4446088e-01
   2.0000000e+00  -2.4871167e-01   5.5284164e-02  -8.2315794e-01   5.7761668e-02   2.4999184e-01  -2.5916075e+00
   2.0000000e+00  -2.8477169e+00  -1.8360206e+00  -2.6622508e-01   3.9530746e-01   2.3951220e-01   5.1338586e-01
   2.0000000e+00   9.4778001e-01  -2.4702973e-01   1.3510474e+00  -4.4673497e-01  -2.8594395e-01  -1.4784301e+00
   2.0000000e+00   1.1172839e+00  -1.2720136e-01   7.9725108e-01  -1.2301888e+00  -7.0670674e-01   1.9859267e+00
   1.0000000e+00   1.5535220e+00  -9.0086928e-01   1.5583746e-01  -9.0451941e-01   1.3326199e+00  -2.8448753e-01
   2.0000000e+00  -3.0728078e-02  -7.6035539e-01  -1.3330728e+00  -2.4357453e-01  -9.0654997e-01   5.2451897e-01
   2.0000000e+00   8.3816850e-02   7.2692511e-01  -1.4405762e-03  -2.9977468e-01   4.5241157e-01   2.0710485e-02
   2.0000000e+00  -8.5435092e-01   7.5461517e-02  -7.5985691e-02   8.8440746e-01  -1.0666373e+00   6.0691318e-01
   2.0000000e+00   1.1393331e+00   1.8685449e-01  -1.3303247e+00   1.3341216e+00  -9.0666274e-01   2.9889575e+00
   2.0000000e+00  -9.6468227e-01  -1.5973055e+00  -2.7553982e-01   7.5007323e-01   6.5634939e-01  -7.3487857e-01
   2.0000000e+00   1.5542405e-01  -3.2909688e-01  -2.4030054e-01   2.3051018e+00   4.7379972e-01  -1.5028833e-01
   1.0000000e+00  -2.4041459e-02   1.7217070e+00   2.5008363e-01  -6.0061990e-01   1.4822735e+00   2.2668155e-01
   2.0000000e+00   9.1939736e-02   3.0297635e+00   6.7905128e-03  -3.3746184e-02   8.7315901e-01   3.3704024e-01
   2.0000000e+00  -4.8136642e-01   1.3731803e+00  -1.8017803e+00   1.1723147e+00  -1.4791634e+00  -5.4385478e-01
   2.0000000e+00  -6.8235721e-01  -1.5142441e+00  -2.4028270e-01  -4.8192232e-01  -2.5155750e-01  -3.6110316e-01
   2.0000000e+00  -3.3568496e-01   2.1527956e+00   8.1935427e-01   8.2376552e-01   1.7987934e-01   7.4880811e-03
   2.0000000e+00  -2.4777696e-01  -2.5645796e+00   1.2650614e+00   5.0969729e-01  -8.2230959e-01   1.2884542e+00
   2.0000000e+00  -2.7044743e-01  -1.1832723e+00  -5.0445493e-01  -8.5936909e-02  -4.7769248e-01  -8.2744195e-02
   2.0000000e+00   8.8342041e-01   1.1239935e+00  -1.5246975e+00   2.4881207e-01   5.7190070e-01   8.1243970e-01
   1.0000000e+00  -4.2984861e-02   1.1699466e+00   2.2658274e-01   1.1510635e-01   4.4227047e-01  -1.5402626e+00
   1.0000000e+00  -1.1821248e+00   9.2674446e-01   3.8461406e-01   1.9537778e-01  -1.9743003e+00   1.4591996e+00
   2.0000000e+00   1.1503216e-01   2.1922392e+00   7.8727953e-01  -4.0960749e-01  -4.5533650e-01   8.6869975e-03
   2.0000000e+00   1.9441675e+00   1.3299034e+00   1.3185205e+00   6.7321091e-01   4.8163391e-02  -9.3387569e-02
   2.0000000e+00   1.2612369e-01   1.1272994e+00   1.2938591e+00  -5.8483096e-02   1.8252238e-01  -2.5089263e+00
   2.0000000e+00  -6.0324724e-01  -1.1931149e+00  -5.9497595e-01   5.1576308e-01   9.6733718e-02   7.1879990e-02
   2.0000000e+00   1.1366036e-01   2.1222274e+00  -4.1346001e-01  -6.3517018e-01  -5.5590966e-01   1.1128382e+00
   1.0000000e+00   3.4985498e-01  -3.8717738e-01   1.6879518e-02  -9.7288266e-01  -3.0580482e-01   7.8725312e-01
   2.0000000e+00  -1.9149411e+00   1.1488470e-01  -2.8572753e-01   6.6598016e-01   1.3502833e+00  -8.5521881e-01
   1.0000000e+00  -6.6811632e-01  -4.3070206e-01   8.4748403e-02   8.3457111e-02  -3.6800373e-03  -1.4488752e+00
   2.0000000e+00  -7.6826272e-01   2.4049125e-01   1.3450999e-02  -2.1552809e+00   7.4248738e-01   1.2038502e+00
   1.0000000e+00  -1.4267618e+00   4.5879308e-01   2.9980172e-01   3.8138951e-01   2.8336379e-01  -2.6626367e-01
   2.0000000e+00  -1.4171401e+00   1.5072401e+00   5.1957029e-01  -1.3196714e+00  -1.3756927e+00   4.5366556e-01
   2.0000000e+00   6.4011619e-01  -1.3149967e-01  -8.3257742e-02   3.4189333e-01   1.6610690e+00  -6.4571740e-01
   2.0000000e+00   2.8035485e+00  -9.6414969e-02   2.7858110e-01   1.5191403e+00  -3.2790211e-01  -7.7389092e-02
   2.0000000e+00  -1.5516143e+00  -5.3071703e-01   1.1105408e+00   1.5624205e+00   8.5214686e-01   1.4402318e-01
   2.0000000e+00  -2.4537872e-01  -1.2804375e+00  -6.3588613e-01  -9.6373757e-02   3.9015006e-01   1.1431740e+00
   2.0000000e+00   1.2971015e+00   4.1523978e-01   8.3452118e-01   8.6619961e-01  -6.3061287e-01  -3.6512936e-01
   2.0000000e+00  -1.2514879e+00  -5.4942699e-01  -9.2604850e-01  -5.4214521e-01   3.2522457e-01   9.6988690e-01
   1.0000000e+00   1.9097590e-01  -1.3481544e+00   1.9150848e-01  -1.4986348e-01  -1.4015655e+00  -2.1560286e-02
   2.0000000e+00  -1.2159301e+00  -7.5946308e-02  -1.0299850e-01  -3.4500954e-01  -5.8199866e-01   9.2877518e-01
   2.0000000e+00   5.0734244e-01  -1.5781572e+00  -3.1806849e-01  -7.6190655e-01  -8.8177485e-01  -1.4187508e+00
   2.0000000e+00  -9.1737449e-01   2.9597340e-01  -1.1867408e-01  -2.5499234e-01  -4.1230299e-01   1.5066280e+00
   2.0000000e+00   5.5448634e-01  -7.6392466e-01  -4.9811635e-01  -1.2483669e+00  -2.4936185e-01   7.5282021e-01
   2.0000000e+00   3.1716895e+00  -1.2543642e+00   1.7382997e+00  -8.0898256e-01  -1.4181343e+00   1.5830957e+00
   1.0000000e+00  -6.7683016e-01   3.6378956e-01   1.9498554e-01  -8.6692102e-01  -5.5185582e-01  -1.3972475e+00
   2.0000000e+00   1.4000662e+00  -2.1820035e+00   6.5041323e-01  -2.1555523e-01   7.3504137e-01   5.2879274e-01
   1.0000000e+00   1.3486358e+00  -1.3248772e+00   6.7641509e-01  -3.7970933e-02  -8.3982042e-01   7.2150701e-02
   2.0000000e+00   1.6926331e-01  -2.8825672e-01  -1.7202070e+00   1.5223914e+00  -1.2818270e-01   2.3286927e-02
   2.0000000e+00  -1.9527416e-01  -3.8001809e-01  -7.7805558e-01  -1.7027774e+00   5.4382537e-01   1.0730981e+00
   2.0000000e+00   9.4561425e-01   2.6042567e-01  -1.0607129e-01  -5.9505212e-01   5.4366332e-01   4.2046796e-01
   2.0000000e+00   5.2656101e-01  -9.2700346e-01   6.4718957e-01  -1.4248893e+00   6.7849928e-01  -3.1283276e+00
   2.0000000e+00  -4.1039508e-01   1.0958322e+00   7.0910411e-01   1.5107614e+00  -3.3869790e-01   4.3857435e-01
   2.0000000e+00  -4.3373550e-02  -1.9239298e-01   8.6073428e-01   6.6369183e-01   4.1980437e-01   2.2372441e+00
   1.0000000e+00  -8.5788701e-02  -4.3347478e-02   1.2215568e-02   4.9333318e-01   1.3233324e-01  -1.7563466e+00
   2.0000000e+00  -1.1713336e+00  -9.9174529e-02  -1.6579231e-01   1.1077774e+00  -7.3230900e-01  -1.1902975e+00
   1.0000000e+00   2.7224371e-01  -1.1511958e+00   2.4988724e-01   8.4643705e-01   4.5028197e-01  -1.1466568e+00
   1.0000000e+00   6.3903182e-01   7.9009357e-01   7.7895301e-01   2.7454849e-01  -2.1335162e-01  -2.1886635e-01
   2.0000000e+00  -1.4547850e+00  -1.4841944e+00  -1.0324138e+00   8.5976257e-01   8.2415396e-01   6.8156601e-01
   1.0000000e+00  -1.5767119e+00  -1.3020078e-01   8.8789793e-01  -3.8790395e-01  -1.2377891e+00  -8.1626975e-01
   2.0000000e+00   9.8079597e-01   1.4747661e+00  -6.1356280e-01  -9.8009663e-01   2.9669567e-01  -4.3476489e-01
   2.0000000e+00  -1.0586266e+00  -9.1316272e-01   7.5058352e-01   2.9741258e+00   2.1803838e+00   6.1664156e-01
   2.0000000e+00   5.7160267e-01  -5.4875375e-01  -1.3404438e+00  -1.8136780e+00   1.0158731e+00   1.6055177e+00
   2.0000000e+00   7.1802933e-02   3.4798081e-01  -2.0607076e-01   7.5229562e-01   6.6466798e-01  -5.4844140e-01
   1.0000000e+00   1.5767866e+00  -1.2994026e+00   5.1424356e-01  -6.4934022e-01   3.9787005e-01  -3.5320772e-01
   2.0000000e+00  -7.4208100e-01  -4.8316690e-01   1.6448146e+00   3.3000556e-01   1.5130710e+00   2.2793064e-01
   2.0000000e+00   5.4057463e-01   2.8404217e-01   3.3723124e-01  -1.5583523e+00   2.0186827e+00   3.2523821e-01
   2.0000000e+00  -1.1603289e+00   1.7747436e+00   2.3074096e+00  -1.1860609e+00  -1.5763773e-01  -1.1733014e+00
   2.0000000e+00  -6.4315452e-02  -1.0883732e+00  -5.8025680e-01   9.2789399e-01  -5.5473554e-02   3.2120288e-01
   2.0000000e+00  -7.9901956e-01  -2.6582438e+00  -8.3082139e-02   4.7540885e-01   1.1490961e+00   2.5223849e+00
   2.0000000e+00  -3.8283886e-01  -1.0173171e+00  -1.2391039e+00   2.8929241e-01  -1.4491756e+00  -7.1932618e-01
   2.0000000e+00  -1.5370719e-01  -1.3060668e+00  -4.2955516e-02  -7.7636091e-01   4.1527670e-01   2.8741330e+00
   2.0000000e+00   1.4038329e-02   1.4827467e+00   4.1711225e-01   1.7891214e+00  -1.6210688e+00   3.7114916e-01
   2.0000000e+00   1.5195097e+00  -2.5238331e-01   1.5928116e+00   1.3235307e+00   9.0190583e-01   1.9377794e-01
   2.0000000e+00   9.6086908e-02  -7.5578149e-01  -9.9208593e-01  -6.7719364e-02  -1.3081434e+00  -7.1264959e-01
   2.0000000e+00  -1.8781491e-01  -4.1621886e-01   1.6424899e+00  -1.5566768e+00   6.6450701e-02  -1.2464349e-01
   2.0000000e+00   8.4309315e-01  -7.2838292e-02  -5.7022067e-01  -5.4520081e-01  -4.7649685e-01   2.5979064e-02
   1.0000000e+00  -3.0140389e-01   1.2467682e+00   5.8073867e-01   7.4399973e-01  -5.6490487e-01   6.1698537e-01
   2.0000000e+00   1.0559525e+00   1.3006490e-01  -3.0041423e-01   1.2198259e+00  -8.9767725e-01   1.4160055e-01
   1.0000000e+00   8.7084072e-01  -1.2536904e+00   1.8946130e-01  -4.9107651e-02  -1.3114272e+00   1.5543448e+00
   2.0000000e+00  -5.9145668e-01   7.2740802e-01  -2.3364052e+00  -1.3100966e+00   8.5153499e-01   1.0850273e+00
   1.0000000e+00  -1.5804668e+00  -3.5756590e-01   5.6984946e-01  -7.6161924e-01   1.1640857e+00  -1.4061707e+00
   2.0000000e+00  -1.3024608e+00  -7.2761015e-01  -1.1659873e+00  -1.4040427e+00  -1.4212234e+00  -8.4434053e-01
   2.0000000e+00   8.6167440e-01   5.0689410e-01  -2.8209765e-01   4.0965008e-01   5.8849837e-01  -7.0693704e-01
   2.0000000e+00   1.1328920e+00  -8.8147637e-01  -6.6940868e-01   1.5285385e-01  -8.6153676e-01   1.1746960e+00
   1.0000000e+00  -1.2772835e+00  -1.3008813e+00   4.4515611e-01   5.5740139e-01  -5.2132140e-01  -1.8886123e-01
   2.0000000e+00   8.1232343e-02  -5.9145782e-01   5.5094088e-01   1.2020691e+00   1.2730100e+00   5.0353543e-01
   2.0000000e+00  -1.0234989e+00  -8.9501761e-01  -5.7653123e-01   1.5963425e+00  -8.4165707e-01   6.9486309e-02
   2.0000000e+00  -1.8049032e+00   1.6386538e+00  -1.3691682e+00  -9.4276701e-02  -1.8508546e+00   3.1220111e-01
   2.0000000e+00   6.8431687e-02  -3.7353557e-01   6.0883759e-01   9.0856840e-01   7.1398900e-02  -6.0219071e-01
   2.0000000e+00  -8.3130951e-02   1.7232720e+00   1.1054437e+00  -5.6233051e-01   4.1060040e-01   7.7959011e-01
   2.0000000e+00   3.7560790e-01   1.6994539e-02  -1.1777637e+00   4.9115481e-01   7.0212812e-01   3.5904673e-01
   2.0000000e+00   1.4985782e+00  -6.3968852e-01   2.2225091e+00  -1.8620577e-01   1.1047135e+00   3.1973581e-01
   2.0000000e+00  -1.5809257e-01   6.4894930e-01   8.6622647e-01  -1.4187976e+00   1.3641160e+00  -8.2537236e-01
   1.0000000e+00   1.7892925e+00   1.6615546e+00   3.2618421e-01   4.0382350e-01   2.2610070e+00  -9.3251957e-02
   2.0000000e+00  -7.3411045e-01   3.2848612e-01   5.2312276e-01   1.0964355e+00   9.5848890e-02   9.6219277e-01
   2.0000000e+00  -2.5147050e+00  -1.5792017e+00   1.1291765e+00   6.2158419e-02  -1.3017691e-01   2.0366467e+00
   2.0000000e+00  -4.8229789e-02  -4.3193837e-01  -7.2689734e-01   6.0154847e-01   1.2054698e+00   2.1375549e+00
   2.0000000e+00   4.0495687e-01  -1.1562643e+00   2.1863444e+00  -9.0635473e-01   3.5854940e-01  -3.6791218e-02
   2.0000000e+00   8.6439382e-01   1.2104254e+00   3.5943552e-01   1.1117941e+00  -3.4963204e-01  -1.2137519e-01
   2.0000000e+00   7.7301826e-01   6.8873948e-01   1.0179947e-01  -2.3909733e+00   2.6881084e-01   1.1050323e+00
   2.0000000e+00   5.9987303e-01  -3.3080856e-01   1.2367690e+00   2.6110012e-01  -7.1826722e-01   2.5389956e-01
   2.0000000e+00   7.6002164e-01  -1.4774436e+00   2.9948914e-02  -1.4219651e+00   8.4483610e-01  -1.6658076e-01
   1.0000000e+00  -7.1794820e-02  -2.9426342e-01   7.3449547e-01  -5.9056742e-01  -3.9636956e-02   8.6006131e-01
   2.0000000e+00  -1.0918007e+00  -2.1099933e+00   1.4277317e+00   9.9749410e-01   8.6123397e-01   6.8514800e-01
   1.0000000e+00   5.1086523e-01  -1.1270028e-02   8.0197424e-01  -9.4763173e-02  -7.4493479e-01  -1.7154528e-01
   2.0000000e+00   4.8644228e-01   2.0368445e+00  -2.5227088e-01  -3.7970363e-01  -1.1586227e+00   1.2178855e-01
   1.0000000e+00   4.7462197e-01   7.1086137e-01   7.3339068e-01  -2.0749831e-01   1.5848811e+00  -7.6245577e-01
   2.0000000e+00   1.0550511e+00   3.6385856e-01  -8.4993185e-01  -6.7999535e-01   4.9536141e-02   3.0588419e-01
   1.0000000e+00   9.6462157e-01   3.8314894e-01   7.3004365e-01  -5.1422216e-01   2.8729028e-01   4.2199544e-02
   2.0000000e+00  -1.3489316e+00   1.0456801e-01  -1.6677243e+00  -1.3387326e-01  -2.9256573e-01  -2.6707215e-01
   1.0000000e+00   4.8532200e-01   1.2291133e+00   5.4665032e-02  -9.6548960e-01   5.8781851e-01   5.2560417e-01
   2.0000000e+00  -5.3941524e-01  -1.8751136e+00  -1.5426332e-01   7.8997965e-01   7.6119254e-01   1.2284679e-02
   2.0000000e+00  -1.6279273e+00  -1.2432177e+00   2.8515793e+00  -2.1418272e-01   9.9403758e-01   8.8569495e-02
   2.0000000e+00  -1.9737481e+00  -1.1394288e+00  -1.2634380e-01   2.4028746e-01  -1.3187134e+00   1.6580734e-01
   1.0000000e+00   6.2014152e-01  -4.4258851e-01   3.3794616e-01   5.2309088e-01   2.3761991e-01   5.5079396e-01
   1.0000000e+00   4.1485154e-01   1.7455407e+00   5.4602044e-01   5.2066268e-01   1.3866372e+00  -5.0274149e-01
   2.0000000e+00   5.9037553e-01  -4.8759237e-01   1.3502150e+00   1.8410890e+00  -3.4180075e-01   3.5265076e-01
   1.0000000e+00  -1.3651206e+00   5.0011033e-01   1.7227880e-01   3.6297840e-02  -3.7417985e-01   1.6788880e-01
   2.0000000e+00   1.1786304e+00   3.7941267e-01  -2.7912162e-01  -4.9080080e-01  -1.6516487e+00  -6.8878855e-01
   2.0000000e+00   1.6276216e+00   6.4719476e-01  -2.1071369e-01   1.8943055e+00  -3.4011518e-01  -6.1492778e-01
   2.0000000e+00  -1.3971474e+00  -3.6791887e-01  -1.4977472e+00   2.3792017e-01   1.2875394e+00   2.8967056e-01
   2.0000000e+00  -2.4292535e-01  -2.5029355e+00   9.8848746e-01   6.5704590e-01  -1.3782892e+00   2.6665351e-01
   2.0000000e+00  -7.1391109e-01  -9.2559084e-01  -1.5293176e+00  -9.5127741e-01   8.3588207e-03  -1.6818400e+00
   1.0000000e+00  -4.5564018e-01  -8.5961059e-02   4.2516906e-01   5.2006582e-01  -9.6719241e-01   1.6373496e+00
   2.0000000e+00  -4.1119341e-02   7.0357209e-01  -5.9752098e-01   1.9685231e+00   8.9628976e-02  -6.2808819e-01
   1.0000000e+00   3.4233665e-01  -9.0002063e-01   1.3554587e-01   4.3129416e-01   1.1261261e+00   2.8550944e-01
   2.0000000e+00   1.0200517e+00  -1.2738071e+00  -6.9251982e-01  -6.0689502e-02   4.7978365e-01  -3.6892677e-01
   1.0000000e+00   4.6650076e-01  -2.4081797e-01   2.6029878e-01  -1.4919514e-01   1.5485282e+00  -1.4677076e-01
   2.0000000e+00   2.2983383e-01   4.6756022e-01  -3.8870205e-01   2.1096816e-01  -9.9574235e-01  -1.8420547e-01
   1.0000000e+00  -3.5034068e-01   7.6555785e-01   5.2716831e-01  -9.7678124e-02   1.5548398e-01   5.6769695e-01
   2.0000000e+00   5.8040568e-01   1.1868676e+00  -1.6215175e+00   1.0609629e+00  -9.0647852e-01   7.6819875e-01
   2.0000000e+00  -5.6069963e-01  -1.4159552e+00  -1.2709854e+00  -8.6492434e-01   3.6109024e-01  -6.6450555e-01
   2.0000000e+00   4.8980458e-01   2.5313044e-02   9.6871857e-01  -5.7088646e-01   1.8507094e-01  -1.2507824e+00
   2.0000000e+00   7.1018554e-01   6.2780840e-02  -1.4992657e+00  -2.5128727e-01  -1.7789382e-01  -1.7094404e-01
   2.0000000e+00   6.2762405e-01   1.0600787e+00  -7.3684161e-01   4.9140824e-01   4.1490861e-01   1.7589410e+00
   2.0000000e+00   1.2102241e+00   8.0099893e-01  -1.0631794e+00  -1.4981984e+00   9.9348745e-01  -1.6786290e-01
   2.0000000e+00   1.0047290e+00   4.5940626e-01   1.1602763e+00   9.5976973e-01   4.7403861e-01   3.4046274e-01
   2.0000000e+00   8.6335341e-01  -2.9019466e-01  -7.6232008e-01   4.7539010e-01  -1.2779566e-01   6.5929586e-01
   2.0000000e+00   6.2625404e-01   1.8931803e+00  -5.0253534e-01   8.7168530e-01   1.5873717e+00  -5.8991750e-01
   2.0000000e+00  -2.3214083e-01   1.8469710e+00  -1.0243507e+00  -1.2071950e-01  -2.1055402e+00   1.1277441e+00
   2.0000000e+00  -1.3810160e+00  -2.6536558e-01   2.9019933e-01   1.4613556e+00   2.5782936e-02  -1.9354731e-02
   1.0000000e+00  -1.9965219e+00  -5.9301303e-01   7.9236286e-01  -3.8905931e-01  -3.0590528e+00   8.4186821e-02
   2.0000000e+00  -5.9351008e-01   8.0327927e-01   1.7686283e-01  -1.7146176e+00  -4.0363088e-01   7.2017039e-01
